spikerate ITI cue push reward
0 1 0 0 0
0 1 0 0 0
0 1 0 0 0
0 1 0 0 0
0 1 0 0 0
0 1 0 0 0
0 1 0 0 0
0 1 0 0 0
0 1 0 0 0
0 1 0 0 0
0 1 0 0 0
0 1 0 0 0
0 1 0 0 0
0 1 0 0 0
0 1 0 0 0
0 1 0 0 0
0 1 0 0 0
0 1 0 0 0
0 1 0 0 0
0 1 0 0 0
0 1 0 0 0
0 1 0 0 0
0 1 0 0 0
0 1 0 0 0
0 1 0 0 0
0 1 0 0 0
0 1 0 0 0
0 1 0 0 0
0 1 0 0 0
0 1 0 0 0
0 1 0 0 0
0.0818272535525466 1 0 0 0
0.117318890715978 1 0 0 0
0.236178556860978 1 0 0 0
0.273194074907224 1 0 0 0
0.383502010663506 1 0 0 0
0.423584095187834 1 0 0 0
0.530790493940003 1 0 0 0
0.457790352811571 1 0 0 0
0.55425855316571 1 0 0 0
0.697715637215879 1 0 0 0
0.997832728899084 1 0 0 0
1.17374882393051 1 0 0 0
1.46629265509546 1 0 0 0
2.25774067803286 1 0 0 0
2.71267967764288 1 0 0 0
3.74757620738819 1 0 0 0
4.84234694158658 1 0 0 0
3.74779844423756 1 0 0 0
3.90266347676516 1 0 0 0
3.37767269229516 1 0 0 0
2.98943981761113 1 0 0 0
2.34626821475103 1 0 0 0
2.19956357614137 1 0 0 0
2.21206387504935 1 0 0 0
1.85441185021773 1 0 0 0
1.66338606504723 1 0 0 0
1.37026581796817 1 0 0 0
1.2457263073884 1 0 0 0
1.20175075426232 1 0 0 0
1.01321625697892 1 0 0 0
0.896251629455946 1 0 0 0
0.734233024559217 1 0 0 0
0.833849146147259 1 0 0 0
0.796019143308513 1 0 0 0
0.815105282526929 1 0 0 0
0.681091016303981 1 0 0 0
0.809813873274834 1 0 0 0
0.807543103292119 1 0 0 0
0.862485379911959 1 0 0 0
0.955323477683123 1 0 0 0
0.944882721341855 1 0 0 0
1.34018636526889 1 0 0 0
2.8306785679888 1 0 0 0
4.74064581794664 1 0 0 0
8.6915266001597 1 0 0 0
12.2451693750918 1 0 0 0
17.1451820060611 1 0 0 0
18.4941512998194 1 0 0 0
16.8000671546906 1 0 0 0
14.9063158314675 1 0 0 0
10.1104876957834 1 0 0 0
7.76034477166831 1 0 0 0
5.41677692672238 1 0 0 0
4.62054944364354 1 0 0 0
2.63039191486314 1 0 0 0
1.84298568638042 1 0 0 0
1.08478512993315 1 0 0 0
0.963297337875701 1 0 0 0
0.795081068645231 1 0 0 0
0.691683220793493 1 0 0 0
0.735051249648677 1 0 0 0
0.860085812746547 1 0 0 0
0.799604247731622 1 0 0 0
1.18353278958239 1 0 0 0
1.00542006839532 1 0 0 0
1.26174387696665 1 0 0 0
1.29843575996347 1 0 0 0
1.56580466136802 1 0 0 0
1.67299443273805 1 0 0 0
1.85475536272861 1 0 0 0
1.84703030390665 1 0 0 0
1.81487592635676 1 0 0 0
2.09309728234075 1 0 0 0
2.09842303593177 1 0 0 0
2.1927266207058 1 0 0 0
2.35660941689275 1 0 0 0
2.07499098905828 1 0 0 0
3.29416480963118 1 0 0 0
4.49313956778497 1 0 0 0
6.73983199521899 1 0 0 0
10.7764723943546 1 0 0 0
13.3929888252169 1 0 0 0
13.7227261438966 1 0 0 0
12.4383714282885 1 0 0 0
9.62128874380141 1 0 0 0
7.18986697029322 1 0 0 0
5.18098956672475 1 0 0 0
3.9168517687358 1 0 0 0
2.39416796830483 1 0 0 0
1.57887165551074 1 0 0 0
0.978580923401751 1 0 0 0
0.859346881043166 1 0 0 0
0.675354436680209 1 0 0 0
0.785497199103702 1 0 0 0
0.581506501475815 0 1 0 0
0.637953940895386 0 0 0 0
0.527221614902373 0 0 0 0
0.548352529222029 0 0 0 0
0.431226188084111 0 0 0 0
0.466009951196611 0 0 1 0
0.359571171429707 0 0 1 0
0.418636451286147 0 0 1 0
0.260065909969853 0 0 0 0
0.219785979879816 0 0 0 0
0.159775931479089 0 0 0 0
0.183516648462501 0 0 0 0
0.060957203459111 0 0 0 0
0 0 0 0 0
0 0 0 0 0
0 0 0 0 0
0 0 0 0 0
0.0352652286892408 0 0 0 0
0.0115229295261088 0 0 0 0
0.125413480418501 0 0 0 0
0.146651637123796 0 0 0 0
0.249991285045326 0 0 0 0
0.322097304888302 0 0 0 0
0.409395619499264 0 0 0 0
0.336349383360357 0 0 0 0
0.439131257735426 0 0 0 0
0.314568773319479 0 0 0 0
0.344516478435253 0 0 0 0
0.313086340611335 0 0 0 0
0.482088002172532 0 0 0 0
0.582312137339613 0 0 0 0
0.590260671742726 0 0 0 0
0.413118769301946 0 0 0 0
0.592959839195828 0 0 0 0
0.609182236075867 0 0 0 0
0.486048252128057 0 0 0 0
0.593038146689651 0 0 0 0
0 0 0 0 0
0 0 0 0 1
0 0 0 0 1
0.544768015970476 0 0 0 1
4.34616953134537 0 0 0 1
8.60412768088281 0 0 0 1
11.4534832537174 0 0 0 1
10.2988751605153 0 0 0 1
8.66615667473525 0 0 0 1
5.11410045146476 0 0 0 1
4.27988795490819 0 0 0 1
2.84282304346561 0 0 0 1
2.33679563825717 0 0 0 1
1.24971897457726 0 0 0 1
0.478832705994137 0 0 0 1
0.337910283633391 0 0 0 1
0.224674865421548 0 0 0 1
0 0 0 0 1
0 0 0 0 1
0 0 0 0 1
0 0 0 0 1
0.0208766223295243 0 0 0 1
0 0 0 0 1
0 0 0 0 1
0 0 0 0 1
0 0 0 0 1
0 0 0 0 1
0 0 0 0 1
0 0 0 0 1
0 0 0 0 1
0 0 0 0 1
0 0 0 0 1
0 0 0 0 1
8.64865735638887 1 0 0 0
10.049678501673 1 0 0 0
12.0489147957414 1 0 0 0
13.907716376707 1 0 0 0
14.7900378797203 1 0 0 0
15.7229430042207 1 0 0 0
15.6111849937588 1 0 0 0
16.2150850519538 1 0 0 0
15.2256179135293 1 0 0 0
15.6401314307004 1 0 0 0
15.7861751504242 1 0 0 0
14.7558143362403 1 0 0 0
13.8238617219031 1 0 0 0
12.3618140351027 1 0 0 0
10.5301034636796 1 0 0 0
8.52935505099595 1 0 0 0
7.95115856453776 1 0 0 0
7.61567580047995 1 0 0 0
10.2508538402617 1 0 0 0
12.3592838644981 1 0 0 0
15.0802948046476 1 0 0 0
17.2295433003455 1 0 0 0
19.5999562274665 1 0 0 0
20.5957463476807 1 0 0 0
20.4726061783731 1 0 0 0
18.7960909679532 1 0 0 0
15.7056835014373 1 0 0 0
13.3319988381118 1 0 0 0
11.3722957903519 1 0 0 0
10.3320060297847 1 0 0 0
10.2605678839609 1 0 0 0
10.062683490105 1 0 0 0
10.0081131095067 1 0 0 0
10.431261616759 1 0 0 0
10.2222436107695 1 0 0 0
9.25059022847563 1 0 0 0
7.8830081038177 1 0 0 0
7.85044848453254 1 0 0 0
7.50747486017644 1 0 0 0
7.8810426639393 1 0 0 0
9.48615523520857 1 0 0 0
10.6652242830023 1 0 0 0
12.644391041249 1 0 0 0
14.3571656662971 1 0 0 0
16.6214297059923 1 0 0 0
16.771407565102 1 0 0 0
17.1002387069166 1 0 0 0
16.1506817676127 1 0 0 0
15.0827644392848 1 0 0 0
14.1122722998261 1 0 0 0
13.6059252545238 1 0 0 0
12.8811318427324 1 0 0 0
12.3626885470003 1 0 0 0
11.3582904450595 1 0 0 0
9.85197967384011 1 0 0 0
9.20585193671286 1 0 0 0
7.7576357871294 1 0 0 0
7.51872977707535 1 0 0 0
6.697928882204 1 0 0 0
6.35621987748891 1 0 0 0
6.72572082839906 1 0 0 0
6.91104377619922 1 0 0 0
7.44989130180329 1 0 0 0
8.38068593293428 1 0 0 0
8.94976139534265 1 0 0 0
9.64644539635628 1 0 0 0
10.0157152628526 1 0 0 0
10.5740935541689 1 0 0 0
10.653140489012 1 0 0 0
10.5820768512785 1 0 0 0
10.8042252250016 1 0 0 0
10.8182767871767 1 0 0 0
11.41884829849 1 0 0 0
11.5099954418838 1 0 0 0
12.6264216378331 1 0 0 0
13.9763536863029 1 0 0 0
15.7421787735075 1 0 0 0
16.9321645516902 1 0 0 0
16.8157136067748 1 0 0 0
16.7888121213764 1 0 0 0
15.846248716116 1 0 0 0
15.4093846213073 1 0 0 0
14.2734588589519 1 0 0 0
12.2875170782208 1 0 0 0
10.879049776122 1 0 0 0
9.00418357923627 1 0 0 0
8.43216944485903 1 0 0 0
7.89198698475957 1 0 0 0
7.69328197930008 1 0 0 0
6.9908945588395 1 0 0 0
7.0504144532606 1 0 0 0
6.28928537480533 1 0 0 0
6.17905223043635 1 0 0 0
5.79369533807039 1 0 0 0
5.7025064015761 1 0 0 0
5.3133888868615 1 0 0 0
4.9512586556375 1 0 0 0
5.21897024009377 1 0 0 0
5.10552542982623 1 0 0 0
5.43901510536671 1 0 0 0
5.26435754727572 1 0 0 0
5.29862649273127 1 0 0 0
5.98924572113901 1 0 0 0
6.63388031534851 1 0 0 0
8.24685662519187 1 0 0 0
8.43010877724737 1 0 0 0
10.0194908445701 1 0 0 0
11.5714878775179 1 0 0 0
12.6718105748296 1 0 0 0
13.8195243198425 1 0 0 0
14.1459298320115 1 0 0 0
14.4713565241545 1 0 0 0
13.498671585694 1 0 0 0
12.9398349672556 1 0 0 0
11.5559239638969 1 0 0 0
11.7148477584124 1 0 0 0
10.2601344697177 1 0 0 0
9.9904437083751 1 0 0 0
8.97949561476707 1 0 0 0
9.25412261858582 1 0 0 0
8.48040217533708 1 0 0 0
8.46094603184611 1 0 0 0
8.48058110568672 1 0 0 0
8.79024062305689 1 0 0 0
8.86070809792727 1 0 0 0
9.34122537728399 0 1 0 0
10.1427615154535 0 0 0 0
9.1870540054515 0 0 0 0
8.33410886116326 0 0 0 0
6.65239675436169 0 0 0 0
6.17715768748894 0 0 0 0
5.31325483461842 0 0 0 0
4.47422731667757 0 0 0 0
3.89325839933008 0 0 0 0
3.42699332395568 0 0 0 0
2.95068617560901 0 0 0 0
2.82298438833095 0 0 0 0
2.51282677345444 0 0 0 0
2.70755586097948 0 0 0 0
2.42559966864064 0 0 0 0
2.73213439504616 0 0 0 0
2.15158183709718 0 0 0 0
2.23767277202569 0 0 0 0
2.47019677772187 0 0 0 0
2.52702590660192 0 0 0 0
3.15014898660593 0 0 0 0
3.31499456660822 0 0 0 0
3.32373939454556 0 0 0 0
3.38524737162516 0 0 0 0
3.48681851755828 0 0 0 0
3.33251565461978 0 0 0 0
2.72086699260399 0 0 0 0
2.46829443494789 0 0 0 0
2.29338061762974 0 0 0 0
2.20111609087326 0 0 0 0
1.82876229519024 0 0 0 0
1.84398671262898 0 0 0 0
2.29256390593946 0 0 0 0
2.97700177179649 0 0 0 0
3.93946969415992 0 0 0 0
4.88947686972097 0 0 0 0
6.18802662938833 0 0 0 0
7.36193708144128 0 0 0 0
7.9019193071872 0 0 0 0
8.3442353643477 0 0 0 0
8.00331961363554 0 0 0 0
8.52937763556838 0 0 0 0
7.42981303483248 0 0 0 0
6.0645779594779 0 0 0 0
5.298190866597 0 0 0 0
4.33517107740045 0 0 1 0
3.71190591249615 0 0 1 0
2.88865197217092 0 0 1 0
2.76534969452769 0 0 1 0
2.86530473385938 0 0 1 0
2.63573657139204 0 0 1 0
2.84813609323464 0 0 1 0
2.53904983401299 0 0 1 0
2.91785880108364 0 0 1 0
3.41035926248878 0 0 1 0
4.19173645786941 0 0 1 0
4.2607465875335 0 0 0 0
4.85319626750425 0 0 0 0
5.3159324452281 0 0 0 0
5.00702304998413 0 0 0 0
5.10713015682995 0 0 0 0
5.00023073982447 0 0 0 0
4.50475211255252 0 0 0 0
4.42235945956782 0 0 0 0
3.87325789779425 0 0 0 0
3.63931228639558 0 0 0 0
3.36136016994715 0 0 0 0
3.81900684442371 0 0 0 0
4.01787424925715 0 0 0 0
4.87157871248201 0 0 0 0
5.20437693921849 0 0 0 0
6.6655621631071 0 0 0 0
6.87671813648194 0 0 0 0
7.99586460925639 0 0 0 0
7.81794206704944 0 0 0 0
8.85182595811784 0 0 0 0
9.09633305855095 0 0 0 0
9.46929736528546 0 0 0 0
8.80862993653864 0 0 0 0
7.5919657247141 0 0 0 0
6.37902575545013 0 0 0 0
5.24784275330603 0 0 0 0
4.66653436888009 0 0 0 0
3.67627671221271 0 0 0 0
3.25079838512465 0 0 0 0
2.51800112891942 0 0 0 0
2.3406479449477 0 0 0 1
2.02784509747289 0 0 0 1
1.85566884465516 0 0 0 1
1.89156952546909 0 0 0 1
2.03604812850244 0 0 0 1
1.92757652257569 0 0 0 1
1.81681667163502 0 0 0 1
1.77478001569398 0 0 0 1
1.7753166903276 0 0 0 1
1.84163698577322 0 0 0 1
1.57057601609267 0 0 0 1
1.76939141238108 0 0 0 1
1.84904847992584 0 0 0 1
1.84791031642817 0 0 0 1
1.86669651884586 0 0 0 1
2.22472022869624 0 0 0 1
2.66662507783622 0 0 0 1
3.29933816101402 0 0 0 1
4.11738542607054 0 0 0 1
5.33212698064744 0 0 0 1
6.02132186759263 0 0 0 1
7.26045551709831 0 0 0 1
6.60925800912082 0 0 0 1
6.25884020701051 0 0 0 1
4.9194386228919 0 0 0 1
4.51289408374578 0 0 0 1
4.05836949357763 0 0 0 1
3.80683253752068 0 0 0 1
3.15275203320198 0 0 0 1
3.04166303249076 0 0 0 1
3.17432486917824 0 0 0 1
3.21322079980746 0 0 0 1
0.548890835489146 1 0 0 0
0.585253023018595 1 0 0 0
0.446656194981188 1 0 0 0
0.246732222876744 1 0 0 0
0.136323697461194 1 0 0 0
0.279941226835945 1 0 0 0
0.164288559972192 1 0 0 0
0.0325124717619474 1 0 0 0
0.0174427896126872 1 0 0 0
0 1 0 0 0
0 1 0 0 0
0 1 0 0 0
0 1 0 0 0
0 1 0 0 0
0 1 0 0 0
0 1 0 0 0
0 1 0 0 0
0 1 0 0 0
0 1 0 0 0
0 1 0 0 0
0 1 0 0 0
0.0431341150033404 1 0 0 0
0 1 0 0 0
0.100174130057029 1 0 0 0
0.0414318419643678 1 0 0 0
0.25366590853082 1 0 0 0
0.426735623477725 1 0 0 0
0.168372665939387 1 0 0 0
0.51882578054574 1 0 0 0
0.643557155854069 1 0 0 0
0.671862755552866 1 0 0 0
0.564554212360235 1 0 0 0
0.641356211417587 1 0 0 0
0.495413980388548 1 0 0 0
0.49108898895156 1 0 0 0
0.348980487615336 1 0 0 0
0.282054814761068 1 0 0 0
0 1 0 0 0
0 1 0 0 0
0 1 0 0 0
0 1 0 0 0
0 1 0 0 0
0 1 0 0 0
0 1 0 0 0
0 1 0 0 0
0 1 0 0 0
0 1 0 0 0
0 1 0 0 0
0 1 0 0 0
0 1 0 0 0
0 1 0 0 0
0.358657205879354 1 0 0 0
0.207714126190695 1 0 0 0
0.377481292161974 1 0 0 0
0.320063067192677 1 0 0 0
0.446321762865409 1 0 0 0
0.233026267778769 1 0 0 0
0.190999727010421 1 0 0 0
0.183850483836068 1 0 0 0
0.121896110158559 1 0 0 0
0.0073984724622278 1 0 0 0
0 1 0 0 0
0 1 0 0 0
0 1 0 0 0
0 1 0 0 0
0 1 0 0 0
0 1 0 0 0
0 1 0 0 0
0 1 0 0 0
0 1 0 0 0
0 1 0 0 0
0 1 0 0 0
0.00181510176844313 1 0 0 0
0.130918719833062 1 0 0 0
0.186133942406741 1 0 0 0
0.194246000319254 1 0 0 0
0.193674256479426 1 0 0 0
0.251498120633187 1 0 0 0
0.174460002199339 1 0 0 0
0.0631378976549968 1 0 0 0
0.0855937141750474 1 0 0 0
0.055313624216069 1 0 0 0
0.0977142226474825 1 0 0 0
0 1 0 0 0
0.102631145637133 1 0 0 0
0 1 0 0 0
0 1 0 0 0
0 1 0 0 0
0 1 0 0 0
0 1 0 0 0
0 1 0 0 0
0 1 0 0 0
0 1 0 0 0
0 1 0 0 0
0.170353385328781 1 0 0 0
0.129180445583188 1 0 0 0
0.336824631631316 1 0 0 0
0.244887448843656 1 0 0 0
0.440416925982845 1 0 0 0
0.293161816898646 1 0 0 0
0.437588707427494 1 0 0 0
0.299253782031883 1 0 0 0
0.281663105852203 1 0 0 0
0.209585947231972 1 0 0 0
0.0656055763101904 1 0 0 0
0 1 0 0 0
0 1 0 0 0
0 1 0 0 0
0 1 0 0 0
0 1 0 0 0
0 1 0 0 0
0 1 0 0 0
0 1 0 0 0
0 1 0 0 0
0 1 0 0 0
0 1 0 0 0
0 1 0 0 0
0 1 0 0 0
0 1 0 0 0
0 1 0 0 0
0 1 0 0 0
0 1 0 0 0
0 1 0 0 0
0 1 0 0 0
0.066806187533075 1 0 0 0
0.0178715599759016 0 1 0 0
0.0208579047580315 0 0 0 0
0.105669078948267 0 0 0 0
0.22403288676287 0 0 0 0
0.164425877983376 0 0 0 0
0 0 0 0 0
0.152706056496754 0 0 0 0
0 0 0 0 0
0 0 0 1 0
0 0 0 1 0
0 0 0 1 0
0 0 0 0 0
0 0 0 0 0
0 0 0 0 0
0 0 0 0 0
0 0 0 0 0
0 0 0 0 0
0 0 0 0 0
0 0 0 0 0
0 0 0 0 0
0 0 0 0 0
0 0 0 0 0
0.0452319618489128 0 0 0 0
0.0139585717988666 0 0 0 0
0 0 0 0 0
0 0 0 0 0
0 0 0 0 0
0 0 0 0 0
0 0 0 0 0
0 0 0 0 0
0 0 0 0 0
0 0 0 0 0
0 0 0 0 0
0 0 0 0 0
0 0 0 0 0
0 0 0 0 0
0 0 0 0 0
0.026880204814006 0 0 0 0
0.0139628500619438 0 0 0 0
0 0 0 0 0
0 0 0 0 0
0 0 0 0 1
0 0 0 0 1
0 0 0 0 1
0 0 0 0 1
0 0 0 0 1
0 0 0 0 1
0 0 0 0 1
0.0561527431273134 0 0 0 1
0.106176824374415 0 0 0 1
0.133660576466355 0 0 0 1
0.11915601680812 0 0 0 1
0.158449169248343 0 0 0 1
0.105608676676638 0 0 0 1
0 0 0 0 1
0.0977971576503478 0 0 0 1
0.0742928609724913 0 0 0 1
0.164853675414633 0 0 0 1
0.0555976719738283 0 0 0 1
0.135477310777787 0 0 0 1
0.0425335829277174 0 0 0 1
0.305758898321074 0 0 0 1
0.248071752139367 0 0 0 1
0.491855164000299 0 0 0 1
0.33878941758303 0 0 0 1
0.478612120787147 0 0 0 1
0.154440107053233 0 0 0 1
0.304908718135266 0 0 0 1
0.0249812346737599 0 0 0 1
0.0538043204869609 0 0 0 1
0 0 0 0 1
0.0282153964690224 0 0 0 1
0 0 0 0 1
0 1 0 0 0
0.0645084332973056 1 0 0 0
0 1 0 0 0
0.0473346526632668 1 0 0 0
0 1 0 0 0
0.0857031909617945 1 0 0 0
0.0176048397406703 1 0 0 0
0 1 0 0 0
0 1 0 0 0
0 1 0 0 0
0 1 0 0 0
0 1 0 0 0
0 1 0 0 0
0 1 0 0 0
0 1 0 0 0
0 1 0 0 0
0 1 0 0 0
0 1 0 0 0
0 1 0 0 0
0 1 0 0 0
0 1 0 0 0
0 1 0 0 0
0 1 0 0 0
0 1 0 0 0
0 1 0 0 0
0 1 0 0 0
0 1 0 0 0
0 1 0 0 0
0 1 0 0 0
0 1 0 0 0
0.0132601229552165 1 0 0 0
0 1 0 0 0
0.0386216247534321 1 0 0 0
0.067761590344162 1 0 0 0
0.103674129150022 1 0 0 0
0.191523180546938 1 0 0 0
0.177524567334331 1 0 0 0
0.198536548850825 1 0 0 0
0.203204763238318 1 0 0 0
0.3122999369225 1 0 0 0
0.227510692639044 1 0 0 0
0.272235931333853 1 0 0 0
0.159148636839745 1 0 0 0
0.206791560799502 1 0 0 0
0.130312703731761 1 0 0 0
0.190195349205169 1 0 0 0
0.128239856621803 1 0 0 0
0.176813032794598 1 0 0 0
0.196157260688778 1 0 0 0
0.239235677327088 1 0 0 0
0.242651211010525 1 0 0 0
0.290712014248129 1 0 0 0
0.307776268527959 1 0 0 0
0.332997282384895 1 0 0 0
0.356500779162161 1 0 0 0
0.318611088005127 1 0 0 0
0.30524879184668 1 0 0 0
0.370955425751163 1 0 0 0
0.350512240402168 1 0 0 0
0.319128062983509 1 0 0 0
0.266730552539229 1 0 0 0
0.243128706642892 1 0 0 0
0.237420108533115 1 0 0 0
0.230225083214464 1 0 0 0
0.181678873559576 1 0 0 0
0.317708028205743 1 0 0 0
0.530089695530478 1 0 0 0
0.464998181996634 1 0 0 0
0.596213634707965 1 0 0 0
0.552633691768278 1 0 0 0
0.580478270421736 1 0 0 0
0.436858786997618 1 0 0 0
0.446536856088642 1 0 0 0
0.193250220036134 1 0 0 0
0.0762910121920868 1 0 0 0
0.00336636367137544 1 0 0 0
0.0257967039942741 1 0 0 0
0.191529810763313 1 0 0 0
0 1 0 0 0
0 1 0 0 0
0 1 0 0 0
0 1 0 0 0
0 1 0 0 0
0 1 0 0 0
0 1 0 0 0
0 1 0 0 0
0 1 0 0 0
0 1 0 0 0
0.265718044829555 1 0 0 0
0.0522528134752065 1 0 0 0
0.00960579563979991 1 0 0 0
0.156767360749654 1 0 0 0
0.869864426931599 1 0 0 0
1.45373826671857 1 0 0 0
2.26308427227195 1 0 0 0
3.03397863171995 1 0 0 0
2.45655546314083 1 0 0 0
1.02037331816973 1 0 0 0
0.950627716520103 1 0 0 0
0.743929427699186 1 0 0 0
0.573023429751629 1 0 0 0
0.328528234604164 1 0 0 0
0.0868683691805927 1 0 0 0
0 1 0 0 0
0.0089819968707161 1 0 0 0
0 1 0 0 0
0.0756452809582697 1 0 0 0
0.143463488257112 1 0 0 0
0.153453834172979 1 0 0 0
0.193331159607624 1 0 0 0
0.291752952762181 1 0 0 0
0.274441437795758 1 0 0 0
0.269966619043771 1 0 0 0
0.26295734278392 1 0 0 0
0.270368570681967 1 0 0 0
0.267405437625712 1 0 0 0
0.136445509269834 1 0 0 0
0.129451692146176 1 0 0 0
0.00386904281413081 1 0 0 0
0 1 0 0 0
0 1 0 0 0
0.00314647240884369 1 0 0 0
0 1 0 0 0
0 1 0 0 0
0 1 0 0 0
0 0 1 0 0
0 0 0 0 0
0 0 0 0 0
0 0 0 0 0
0 0 0 0 0
0 0 0 0 0
0 0 0 0 0
0 0 0 0 0
0 0 0 1 0
0 0 0 1 0
0 0 0 1 0
0 0 0 0 0
0 0 0 0 0
0 0 0 0 0
0 0 0 0 0
0.00994857691694051 0 0 0 0
0 0 0 0 0
0 0 0 0 0
0 0 0 0 0
0 0 0 0 0
0 0 0 0 0
0 0 0 0 0
0 0 0 0 0
0 0 0 0 0
0.0465851285298413 0 0 0 0
0 0 0 0 0
0 0 0 0 0
0 0 0 0 0
0 0 0 0 0
0 0 0 0 0
0 0 0 0 0
0 0 0 0 0
0 0 0 0 0
0 0 0 0 0
0 0 0 0 0
0 0 0 0 0
0 0 0 0 0
0 0 0 0 0
0 0 0 0 0
0.332766065184842 0 0 0 0
0.303961773170158 0 0 0 0
0.248895707045449 0 0 0 1
0.0805511917860713 0 0 0 1
0 0 0 0 1
0.560849519388285 0 0 0 1
1.45553978654789 0 0 0 1
3.04136383056175 0 0 0 1
3.20151487539988 0 0 0 1
2.4855552619556 0 0 0 1
2.23868693137774 0 0 0 1
2.45675449696137 0 0 0 1
1.64022034005029 0 0 0 1
1.38735411019297 0 0 0 1
0.562402565265074 0 0 0 1
0.317588797770441 0 0 0 1
0.078420609497698 0 0 0 1
0 0 0 0 1
0 0 0 0 1
0 0 0 0 1
0 0 0 0 1
0 0 0 0 1
0 0 0 0 1
0 0 0 0 1
0 0 0 0 1
0 0 0 0 1
0 0 0 0 1
0 0 0 0 1
0 0 0 0 1
0 0 0 0 1
0 0 0 0 1
0 0 0 0 1
0 0 0 0 1
0 0 0 0 1
0.674311762850266 1 0 0 0
0.669920016662218 1 0 0 0
0.537686464667786 1 0 0 0
0.457036330772098 1 0 0 0
0.491839306050679 1 0 0 0
0.365829007932916 1 0 0 0
0.356950444256654 1 0 0 0
0.343803315445257 1 0 0 0
0.226166053380439 1 0 0 0
0.0825747347334982 1 0 0 0
0.0259086477853998 1 0 0 0
0.0592008236708352 1 0 0 0
0 1 0 0 0
0 1 0 0 0
0 1 0 0 0
0 1 0 0 0
0 1 0 0 0
0 1 0 0 0
0 1 0 0 0
0 1 0 0 0
0 1 0 0 0
0 1 0 0 0
0 1 0 0 0
0 1 0 0 0
0 1 0 0 0
0 1 0 0 0
0 1 0 0 0
0 1 0 0 0
0 1 0 0 0
0 1 0 0 0
0.0758126883511068 1 0 0 0
0.062326338593266 1 0 0 0
0.257984265772393 1 0 0 0
0.0462371881440049 1 0 0 0
0.166825443102425 1 0 0 0
0 1 0 0 0
0 1 0 0 0
0 1 0 0 0
0 1 0 0 0
0 1 0 0 0
0 1 0 0 0
0 1 0 0 0
0 1 0 0 0
0 1 0 0 0
0 1 0 0 0
0 1 0 0 0
0 1 0 0 0
0 1 0 0 0
0 1 0 0 0
0.183126465344685 1 0 0 0
0.29703625187949 1 0 0 0
0.086382311565103 1 0 0 0
0.110896256956039 1 0 0 0
0.246329234414588 1 0 0 0
0.367128375728498 1 0 0 0
0.450702033049311 1 0 0 0
0.419023308495525 1 0 0 0
0.61585214734805 1 0 0 0
0.866189289808972 1 0 0 0
1.72522914363071 1 0 0 0
1.12008711585077 1 0 0 0
0.70845177378942 1 0 0 0
0 1 0 0 0
0 1 0 0 0
0 1 0 0 0
0 1 0 0 0
0.0318993320433947 1 0 0 0
0 1 0 0 0
0 1 0 0 0
0 1 0 0 0
0 1 0 0 0
0 1 0 0 0
0 1 0 0 0
0 1 0 0 0
0 1 0 0 0
0 1 0 0 0
0 1 0 0 0
0 1 0 0 0
0 1 0 0 0
0 1 0 0 0
0 1 0 0 0
0.00393828372580174 1 0 0 0
0 1 0 0 0
0 1 0 0 0
0.0112212292151526 1 0 0 0
0 1 0 0 0
0 1 0 0 0
0.0138450423037284 1 0 0 0
0 1 0 0 0
0 1 0 0 0
0 1 0 0 0
0.0781026196818857 1 0 0 0
0.0289102072201786 1 0 0 0
0.0885383697095676 1 0 0 0
0.189329685781559 1 0 0 0
0.211877516221648 1 0 0 0
0.294830514576461 1 0 0 0
0.269604290224379 1 0 0 0
0.405613100156188 1 0 0 0
0.37697036168538 1 0 0 0
0.334323291099281 1 0 0 0
0.298517152259592 1 0 0 0
0.424106045102235 1 0 0 0
0.357534692739137 1 0 0 0
0.341130187734962 1 0 0 0
0.292356307909358 1 0 0 0
0.340125947332126 1 0 0 0
0.272258881523157 1 0 0 0
0.277181665296666 1 0 0 0
0.262342065980192 1 0 0 0
0.255604461472103 1 0 0 0
0.197537243366241 1 0 0 0
0.186679421858571 1 0 0 0
0.265521741766861 1 0 0 0
0.181626017592862 1 0 0 0
0.172885831489111 1 0 0 0
0.145617588714231 1 0 0 0
0.214182492300097 1 0 0 0
0.130790005641757 1 0 0 0
0.180976328920224 1 0 0 0
0.219760670006508 1 0 0 0
0.22358205387718 1 0 0 0
0.260678489212296 1 0 0 0
0.190790976830613 1 0 0 0
0.171674464127136 1 0 0 0
0.168009704793803 0 1 0 0
0.0876111467960072 0 0 0 0
0.0667203676130157 0 0 0 0
0.0144505902426317 0 0 0 0
0 0 0 0 0
0 0 0 1 0
0 0 0 1 0
0 0 0 1 0
0 0 0 0 0
0 0 0 0 0
0 0 0 0 0
0 0 0 0 0
0 0 0 0 0
0 0 0 0 0
0 0 0 0 0
0 0 0 0 0
0 0 0 0 0
0 0 0 0 0
0 0 0 0 0
0 0 0 0 0
0 0 0 0 0
0 0 0 0 0
0 0 0 0 0
0 0 0 0 0
0 0 0 0 0
0 0 0 0 0
0 0 0 0 0
0 0 0 0 0
0 0 0 0 0
0 0 0 0 0
0 0 0 0 0
0 0 0 0 0
0.0622914158157073 0 0 0 0
0.107607244444807 0 0 0 0
0.0601775943778193 0 0 0 0
0 0 0 0 0
0 0 0 0 0
0.0300221143341162 0 0 0 0
0.0271102871920448 0 0 0 1
0.000621147592028137 0 0 0 1
0 0 0 0 1
0 0 0 0 1
0 0 0 0 1
0 0 0 0 1
0 0 0 0 1
0 0 0 0 1
0 0 0 0 1
0 0 0 0 1
0 0 0 0 1
0 0 0 0 1
0 0 0 0 1
0 0 0 0 1
0 0 0 0 1
0 0 0 0 1
0 0 0 0 1
0 0 0 0 1
0.0880180368767469 0 0 0 1
0.0781083050469533 0 0 0 1
0.165326289561563 0 0 0 1
0.131169332689751 0 0 0 1
0.0612523394920572 0 0 0 1
0.121076032428391 0 0 0 1
0.0979190201633173 0 0 0 1
0.208706738703768 0 0 0 1
0.216742791963043 0 0 0 1
0.238101605646079 0 0 0 1
0.247552846303734 0 0 0 1
0.315383869747166 0 0 0 1
0.273336425379966 0 0 0 1
0.217146051909367 0 0 0 1
0 1 0 0 0
0 1 0 0 0
0.144318168167956 1 0 0 0
0.186573992323247 1 0 0 0
0.282728431557189 1 0 0 0
0.274051260930719 1 0 0 0
0.601640380409663 1 0 0 0
0.755487591959536 1 0 0 0
1.10112164111342 1 0 0 0
1.09392644662876 1 0 0 0
1.35420578590129 1 0 0 0
0.338971836754354 1 0 0 0
0.64970404127962 1 0 0 0
0.697485349519411 1 0 0 0
0.568958628718974 1 0 0 0
0 1 0 0 0
0 1 0 0 0
0.860867032315582 1 0 0 0
1.26025844656397 1 0 0 0
1.99699672521092 1 0 0 0
2.1622464118991 1 0 0 0
1.51328669744544 1 0 0 0
1.13855217932723 1 0 0 0
0.596132455029874 1 0 0 0
0.370625353752985 1 0 0 0
0.42206616490148 1 0 0 0
0.146066637171316 1 0 0 0
0.0914543375074572 1 0 0 0
0 1 0 0 0
0 1 0 0 0
0 1 0 0 0
0 1 0 0 0
0.0329758031512029 1 0 0 0
0.0817095879028784 1 0 0 0
0.138639472424984 1 0 0 0
0.0534333775945584 1 0 0 0
0.10473700166358 1 0 0 0
0.246283412252524 1 0 0 0
0.237634868426539 1 0 0 0
0.284648314845981 1 0 0 0
0.392663986076514 1 0 0 0
0.368195487681078 1 0 0 0
0.416681257775053 1 0 0 0
0.20465664420044 1 0 0 0
0.271764123681351 1 0 0 0
0.296351086035429 1 0 0 0
0.246993869950529 1 0 0 0
0.266115932390676 1 0 0 0
0 1 0 0 0
0.241030149481958 1 0 0 0
0.147903276968009 1 0 0 0
0.308687290271337 1 0 0 0
0.19147697094013 1 0 0 0
0.424163643401698 1 0 0 0
0 1 0 0 0
0 1 0 0 0
0 1 0 0 0
1.63945669919485 1 0 0 0
5.9779760777019 1 0 0 0
10.6949132168666 1 0 0 0
14.976299717091 1 0 0 0
12.834663852118 1 0 0 0
9.896827978082 1 0 0 0
5.61755953822285 1 0 0 0
5.10680940351449 1 0 0 0
2.98439656035043 1 0 0 0
2.0422527595656 1 0 0 0
0.91966590116499 1 0 0 0
0.415991540648974 1 0 0 0
0.387441545171896 1 0 0 0
0.0635137348581338 1 0 0 0
0 1 0 0 0
0 1 0 0 0
0 1 0 0 0
0 1 0 0 0
0 1 0 0 0
0 1 0 0 0
0 1 0 0 0
0 1 0 0 0
0 1 0 0 0
0 1 0 0 0
0 1 0 0 0
0 1 0 0 0
0 1 0 0 0
0 1 0 0 0
0 1 0 0 0
0 1 0 0 0
0 1 0 0 0
0 1 0 0 0
0 1 0 0 0
0.0245895171246957 1 0 0 0
0.138091019834974 1 0 0 0
0.229040676003933 1 0 0 0
0.206915943635977 1 0 0 0
0.270692402409622 1 0 0 0
0.223424328396504 1 0 0 0
0.0618635658611311 1 0 0 0
0.31148762718658 1 0 0 0
0.21036630096205 1 0 0 0
0 1 0 0 0
0.034138422279284 1 0 0 0
0 1 0 0 0
0.00676154741086066 1 0 0 0
0 1 0 0 0
0 1 0 0 0
0 1 0 0 0
0 1 0 0 0
0 1 0 0 0
0 1 0 0 0
0.0736682104616193 1 0 0 0
0.178600428625941 1 0 0 0
0.327792718962883 1 0 0 0
0.476542216347298 1 0 0 0
0.609803486440796 1 0 0 0
0.513979484821903 1 0 0 0
0.531570840394124 1 0 0 0
0.0279367704933975 1 0 0 0
0.602074789640028 1 0 0 0
1.26035892753862 1 0 0 0
2.61673629574943 1 0 0 0
4.25228622043505 1 0 0 0
4.01471585792024 1 0 0 0
3.64894993253984 1 0 0 0
3.46946201170795 1 0 0 0
3.56704443402123 1 0 0 0
2.21909293031786 0 1 0 0
1.32167529227445 0 0 0 0
0.880305915416102 0 0 0 0
0.569415991776623 0 0 0 0
0.0713607787474757 0 0 0 0
0.0915968757908558 0 0 0 0
0 0 0 1 0
0 0 0 1 0
0 0 0 1 0
0 0 0 0 0
0 0 0 0 0
0 0 0 0 0
0 0 0 0 0
0 0 0 0 0
0 0 0 0 0
0 0 0 0 0
0 0 0 0 0
0 0 0 0 0
0 0 0 0 0
0 0 0 0 0
0 0 0 0 0
0 0 0 0 0
0 0 0 0 0
0 0 0 0 0
0 0 0 0 0
0 0 0 0 0
0 0 0 0 0
0 0 0 0 0
0 0 0 0 0
0 0 0 0 0
0 0 0 0 0
0 0 0 0 0
0 0 0 0 0
0 0 0 0 0
0 0 0 0 0
0 0 0 0 0
0 0 0 0 0
0 0 0 0 0
0 0 0 0 0
0 0 0 0 1
0 0 0 0 1
0 0 0 0 1
0 0 0 0 1
0 0 0 0 1
0 0 0 0 1
0 0 0 0 1
0 0 0 0 1
0 0 0 0 1
0 0 0 0 1
0 0 0 0 1
0 0 0 0 1
0 0 0 0 1
0 0 0 0 1
0 0 0 0 1
0 0 0 0 1
0 0 0 0 1
0 0 0 0 1
0 0 0 0 1
0 0 0 0 1
0 0 0 0 1
0 0 0 0 1
0 0 0 0 1
0 0 0 0 1
0 0 0 0 1
0 0 0 0 1
0 0 0 0 1
0 0 0 0 1
0 0 0 0 1
0 0 0 0 1
0 0 0 0 1
0 0 0 0 1
0 1 0 0 0
0 1 0 0 0
0 1 0 0 0
0 1 0 0 0
0 1 0 0 0
0 1 0 0 0
0 1 0 0 0
0 1 0 0 0
0 1 0 0 0
0 1 0 0 0
0 1 0 0 0
0 1 0 0 0
0 1 0 0 0
0 1 0 0 0
0 1 0 0 0
0 1 0 0 0
0 1 0 0 0
0 1 0 0 0
0 1 0 0 0
0 1 0 0 0
0.0285469459413434 1 0 0 0
0.00584316285312525 1 0 0 0
0.112071171685102 1 0 0 0
0.163900064762856 1 0 0 0
0.103938207757892 1 0 0 0
0.198156247279258 1 0 0 0
0.281829619041218 1 0 0 0
0.288058723526774 1 0 0 0
0.266195365838939 1 0 0 0
0.343595678714337 1 0 0 0
0.380173787561944 1 0 0 0
0.362393778232217 1 0 0 0
0.457406698842533 1 0 0 0
0.467654026579112 1 0 0 0
0.494682004500646 1 0 0 0
0.535189083166188 1 0 0 0
0.485969183500856 1 0 0 0
0.470572016638471 1 0 0 0
0.379828597942833 1 0 0 0
0.307007318042452 1 0 0 0
0.249249812441121 1 0 0 0
0.222376775127486 1 0 0 0
0.199651814909885 1 0 0 0
0.101280588637565 1 0 0 0
0.0075194075179752 1 0 0 0
0.0973932435499592 1 0 0 0
0 1 0 0 0
0.0567199663237261 1 0 0 0
0.015533617897745 1 0 0 0
0.0539725151611492 1 0 0 0
0.02567628507677 1 0 0 0
0.0324064385495149 1 0 0 0
0.0725005276649426 1 0 0 0
0.00547221725355485 1 0 0 0
0.0671910120217944 1 0 0 0
0.0872597092893557 1 0 0 0
0.06068111224522 1 0 0 0
0.108046926470706 1 0 0 0
0.151869655383052 1 0 0 0
0.12891432163542 1 0 0 0
0.0832952097198358 1 0 0 0
0.0434434969065478 1 0 0 0
0.0288855744656757 1 0 0 0
0 1 0 0 0
0 1 0 0 0
0 1 0 0 0
0 1 0 0 0
0 1 0 0 0
0 1 0 0 0
0 1 0 0 0
0 1 0 0 0
0 1 0 0 0
0 1 0 0 0
0 1 0 0 0
0 1 0 0 0
0 1 0 0 0
0 1 0 0 0
0 1 0 0 0
0 1 0 0 0
0 1 0 0 0
0 1 0 0 0
0 1 0 0 0
0 1 0 0 0
0 1 0 0 0
0 1 0 0 0
0 1 0 0 0
0 1 0 0 0
0 1 0 0 0
0 1 0 0 0
0 1 0 0 0
0 1 0 0 0
0 1 0 0 0
0 1 0 0 0
0.0199797565301196 1 0 0 0
0.0529248733300847 1 0 0 0
0 1 0 0 0
0 1 0 0 0
0.00698589701642049 1 0 0 0
0.0504434592585312 1 0 0 0
0 1 0 0 0
0 1 0 0 0
0.00630575323157245 1 0 0 0
0 1 0 0 0
0.0120410700219509 1 0 0 0
0 1 0 0 0
0 1 0 0 0
0 1 0 0 0
0.0219550465772045 1 0 0 0
0 1 0 0 0
0 1 0 0 0
0 1 0 0 0
0 1 0 0 0
0 1 0 0 0
0 1 0 0 0
0 1 0 0 0
0 1 0 0 0
0 1 0 0 0
0 1 0 0 0
0 1 0 0 0
0 1 0 0 0
0 1 0 0 0
0 1 0 0 0
0 1 0 0 0
0 1 0 0 0
0 1 0 0 0
0 0 1 0 0
0 0 0 0 0
0 0 0 0 0
0 0 0 0 0
0 0 0 0 0
0 0 0 0 0
0 0 0 0 0
0 0 0 0 0
0 0 0 1 0
0.0188683143278467 0 0 1 0
0 0 0 1 0
0.0249325297545511 0 0 1 0
0 0 0 1 0
0 0 0 1 0
0 0 0 0 0
0 0 0 0 0
0 0 0 0 0
0 0 0 0 0
0 0 0 0 0
0 0 0 0 0
0 0 0 0 0
0 0 0 0 0
0 0 0 0 0
0 0 0 0 0
0 0 0 0 0
0 0 0 0 0
0 0 0 0 0
0 0 0 0 0
0 0 0 0 0
0 0 0 0 0
0 0 0 0 0
0 0 0 0 0
0 0 0 0 0
0 0 0 0 0
0 0 0 0 0
0 0 0 0 0
0 0 0 0 0
0 0 0 0 0
0 0 0 0 0
0 0 0 0 0
0 0 0 0 0
0 0 0 0 0
0 0 0 0 0
0 0 0 0 0
0 0 0 0 1
0 0 0 0 1
0 0 0 0 1
0 0 0 0 1
0 0 0 0 1
0 0 0 0 1
0 0 0 0 1
0 0 0 0 1
0 0 0 0 1
0 0 0 0 1
0 0 0 0 1
0 0 0 0 1
0 0 0 0 1
0 0 0 0 1
0.0475428505524178 0 0 0 1
0.144128916872432 0 0 0 1
0.0123387685562193 0 0 0 1
0.22890260333952 0 0 0 1
0.0306111305690138 0 0 0 1
0.0255883664976864 0 0 0 1
0 0 0 0 1
0 0 0 0 1
0 0 0 0 1
0 0 0 0 1
0 0 0 0 1
0 0 0 0 1
0 0 0 0 1
0.00908197466742422 0 0 0 1
0 0 0 0 1
0.119077314593596 0 0 0 1
0.223778750296333 0 0 0 1
0.416670092818094 0 0 0 1
0 1 0 0 0
0 1 0 0 0
0 1 0 0 0
0 1 0 0 0
0 1 0 0 0
0 1 0 0 0
0 1 0 0 0
0 1 0 0 0
0 1 0 0 0
0.0447818988504878 1 0 0 0
0.0640524522168562 1 0 0 0
0.160121318003803 1 0 0 0
0.19269217227702 1 0 0 0
0.302511032714392 1 0 0 0
0.370310193829937 1 0 0 0
0.446961451245897 1 0 0 0
0.458083595731296 1 0 0 0
0.370831297189511 1 0 0 0
0.366259180736961 1 0 0 0
0.213402650842909 1 0 0 0
0.0737857526473817 1 0 0 0
0.025716751224536 1 0 0 0
0.00752992639263539 1 0 0 0
0 1 0 0 0
0 1 0 0 0
0 1 0 0 0
0 1 0 0 0
0 1 0 0 0
0 1 0 0 0
0 1 0 0 0
0 1 0 0 0
0 1 0 0 0
0 1 0 0 0
0 1 0 0 0
0.0689212220095214 1 0 0 0
0.116138950033928 1 0 0 0
0.228656499530189 1 0 0 0
0.267357474513119 1 0 0 0
0.310876028379425 1 0 0 0
0.328460992022883 1 0 0 0
0.361599639290944 1 0 0 0
0.391667243093252 1 0 0 0
0.341919621860143 1 0 0 0
0.363215345714707 1 0 0 0
0.282972907371004 1 0 0 0
0.450734929472674 1 0 0 0
0.402019126340747 1 0 0 0
0.398557865992188 1 0 0 0
0.31981506072043 1 0 0 0
0.428069895860972 1 0 0 0
0.418859901401447 1 0 0 0
0.405469767429167 1 0 0 0
0.407887012897845 1 0 0 0
0.496015141834505 1 0 0 0
0.522777118021622 1 0 0 0
0.486642406031024 1 0 0 0
0.484897660498973 1 0 0 0
0.382591042580316 1 0 0 0
0.378719763830304 1 0 0 0
0.398245821997989 1 0 0 0
0.418842446379131 1 0 0 0
0.519577531690629 1 0 0 0
0.545236398465931 1 0 0 0
0.519871558935847 1 0 0 0
0.593139513512142 1 0 0 0
0.569807252759347 1 0 0 0
0.502782095281873 1 0 0 0
0.380987210519379 1 0 0 0
0.275428547865886 1 0 0 0
0.104537655715831 1 0 0 0
0.15371013796539 1 0 0 0
0.0261908884340301 1 0 0 0
0.146587892231764 1 0 0 0
0 1 0 0 0
0 1 0 0 0
0.0616532724961871 1 0 0 0
0.14383765119419 1 0 0 0
0.107505824416876 1 0 0 0
0.0588706207054202 1 0 0 0
0.0965404778980883 1 0 0 0
0 1 0 0 0
0.0382151456506108 1 0 0 0
0 1 0 0 0
0 1 0 0 0
0 1 0 0 0
0 1 0 0 0
0 1 0 0 0
0 1 0 0 0
0 1 0 0 0
0 1 0 0 0
0 1 0 0 0
0 1 0 0 0
0 1 0 0 0
0 1 0 0 0
0 1 0 0 0
0 1 0 0 0
0 1 0 0 0
0 1 0 0 0
0 1 0 0 0
0 1 0 0 0
0 1 0 0 0
0 1 0 0 0
0 1 0 0 0
0.0972763191384729 1 0 0 0
0 1 0 0 0
0.120709696965093 1 0 0 0
0.171013503859285 1 0 0 0
0.124041222989035 1 0 0 0
0.0613294996583136 1 0 0 0
0 1 0 0 0
0 1 0 0 0
0 1 0 0 0
0 1 0 0 0
0 1 0 0 0
0 1 0 0 0
0 1 0 0 0
0 1 0 0 0
0 1 0 0 0
0 1 0 0 0
0 1 0 0 0
0 1 0 0 0
0 1 0 0 0
0 1 0 0 0
0 1 0 0 0
0 1 0 0 0
0 0 1 0 0
0 0 0 0 0
0 0 0 0 0
0 0 0 0 0
0 0 0 0 0
0 0 0 1 0
0 0 0 1 0
0 0 0 1 0
0 0 0 0 0
0 0 0 0 0
0 0 0 0 0
0 0 0 0 0
0 0 0 0 0
0 0 0 0 0
0 0 0 0 0
0 0 0 0 0
0 0 0 0 0
0 0 0 0 0
0 0 0 0 0
0 0 0 0 0
0 0 0 0 0
0 0 0 0 0
0 0 0 0 0
0 0 0 0 0
0 0 0 0 0
0 0 0 0 0
0 0 0 0 0
0 0 0 0 0
0 0 0 0 0
0 0 0 0 0
0 0 0 0 0
0 0 0 0 0
0 0 0 0 0
0 0 0 0 0
0 0 0 0 0
0 0 0 0 0
0 0 0 0 0
0 0 0 0 0
0 0 0 0 1
0 0 0 0 1
0 0 0 0 1
0.101664011708635 0 0 0 1
0 0 0 0 1
0.23880051321612 0 0 0 1
0.0420717551605776 0 0 0 1
0 0 0 0 1
0 0 0 0 1
0 0 0 0 1
0 0 0 0 1
0 0 0 0 1
0 0 0 0 1
0 0 0 0 1
0 0 0 0 1
0 0 0 0 1
0 0 0 0 1
0 0 0 0 1
0 0 0 0 1
0 0 0 0 1
0 0 0 0 1
0 0 0 0 1
0 0 0 0 1
0 0 0 0 1
0 0 0 0 1
0 0 0 0 1
0 0 0 0 1
0 0 0 0 1
0 0 0 0 1
0 0 0 0 1
0 0 0 0 1
0 0 0 0 1
2.80544609995559 1 0 0 0
1.76284374902025 1 0 0 0
0.865056092152372 1 0 0 0
0.401336837967392 1 0 0 0
0.209409419767326 1 0 0 0
0.00536232528247638 1 0 0 0
0 1 0 0 0
0 1 0 0 0
0 1 0 0 0
0 1 0 0 0
0.0384650177238655 1 0 0 0
0.114129856228828 1 0 0 0
0 1 0 0 0
0.0392687052226393 1 0 0 0
0 1 0 0 0
0 1 0 0 0
0 1 0 0 0
0 1 0 0 0
0 1 0 0 0
0 1 0 0 0
0 1 0 0 0
0 1 0 0 0
0 1 0 0 0
0 1 0 0 0
0 1 0 0 0
0 1 0 0 0
0.00269762040261412 1 0 0 0
0 1 0 0 0
0.10149721038033 1 0 0 0
0.0506335862269225 1 0 0 0
0.0755828805267811 1 0 0 0
0 1 0 0 0
0.0788436300354078 1 0 0 0
0.0824566941446392 1 0 0 0
0.219360688788584 1 0 0 0
0.211783681606903 1 0 0 0
0.216533384445938 1 0 0 0
0.333455725922249 1 0 0 0
0.277598298282555 1 0 0 0
0.595803126998362 1 0 0 0
0.421080363594228 1 0 0 0
0.553792026039446 1 0 0 0
0.401023607992101 1 0 0 0
0.543885954584766 1 0 0 0
0.280217309409636 1 0 0 0
0.610069299000315 1 0 0 0
0.506706033775117 1 0 0 0
0.526879492099397 1 0 0 0
0.471279397970648 1 0 0 0
0.778879970312119 1 0 0 0
0.555930339032784 1 0 0 0
0.471105791802984 1 0 0 0
0.311061507090926 1 0 0 0
0.381224552256754 1 0 0 0
0.0523738117408357 1 0 0 0
0.0592576831195402 1 0 0 0
0 1 0 0 0
0 1 0 0 0
0 1 0 0 0
0 1 0 0 0
0 1 0 0 0
0 1 0 0 0
0 1 0 0 0
0 1 0 0 0
0 1 0 0 0
0 1 0 0 0
0 1 0 0 0
0.0706538999111217 1 0 0 0
0.106117218820145 1 0 0 0
0.223776558414102 1 0 0 0
0.191127086509368 1 0 0 0
0.408332659389998 1 0 0 0
0.409121064876672 1 0 0 0
0.447377913587843 1 0 0 0
0.350297614204464 1 0 0 0
0.300011499348329 1 0 0 0
0.26261742641509 1 0 0 0
0.295044475933537 1 0 0 0
0.19913376763725 1 0 0 0
0.270710977929411 1 0 0 0
0.316430952807423 1 0 0 0
0.322928330206196 1 0 0 0
0.317414298843133 1 0 0 0
0.28272415693209 1 0 0 0
0.27762525860453 1 0 0 0
0.133119105612423 1 0 0 0
0.103257268619927 1 0 0 0
0.000176951743924292 1 0 0 0
0 1 0 0 0
0 1 0 0 0
0 1 0 0 0
0 1 0 0 0
0 1 0 0 0
0 1 0 0 0
0 1 0 0 0
0 1 0 0 0
0.00018356331565883 1 0 0 0
0 1 0 0 0
0 1 0 0 0
0 1 0 0 0
0 1 0 0 0
0 1 0 0 0
0 1 0 0 0
0 1 0 0 0
0 1 0 0 0
0 1 0 0 0
0.00985651058726944 1 0 0 0
0 1 0 0 0
0 1 0 0 0
0.00406298642019465 1 0 0 0
0.0367881279998983 1 0 0 0
0.0784087014835677 1 0 0 0
0.0631459497526521 1 0 0 0
0 1 0 0 0
0 1 0 0 0
0 1 0 0 0
0.00953297330852365 1 0 0 0
0.0618779522483237 1 0 0 0
0.0308336238958873 1 0 0 0
0.117808253889962 1 0 0 0
0.0221065233745321 1 0 0 0
0.0857963259477401 1 0 0 0
0.119740003356128 1 0 0 0
0.139843528813799 1 0 0 0
0.0772838452576252 1 0 0 0
0.0670556943020983 0 1 0 0
0.130313870613463 0 0 0 0
0.111972216473077 0 0 0 0
0.106656923890114 0 0 0 0
0.166913307111827 0 0 0 0
0.220068358203207 0 0 1 0
0.172054209542694 0 0 1 0
0.191638246178627 0 0 1 0
0.205397886020364 0 0 0 0
0.240203737121192 0 0 0 0
0.255186019785469 0 0 0 0
0.28635178841796 0 0 0 0
0.277456449111924 0 0 0 0
0.182196827154257 0 0 0 0
0.0727238129911711 0 0 0 0
0.0660123323541484 0 0 0 0
0 0 0 0 0
0 0 0 0 0
0 0 0 0 0
0 0 0 0 0
0 0 0 0 0
0 0 0 0 0
0 0 0 0 0
0 0 0 0 0
0 0 0 0 0
0 0 0 0 0
0 0 0 0 0
0 0 0 0 0
0 0 0 0 0
0 0 0 0 0
0 0 0 0 0
0 0 0 0 0
0 0 0 0 0
0 0 0 0 0
0 0 0 0 0
0 0 0 0 0
0 0 0 0 0
0 0 0 0 0
0 0 0 0 1
0 0 0 0 1
0 0 0 0 1
0 0 0 0 1
0 0 0 0 1
0 0 0 0 1
0 0 0 0 1
0 0 0 0 1
0 0 0 0 1
0 0 0 0 1
0 0 0 0 1
0 0 0 0 1
0 0 0 0 1
0 0 0 0 1
0 0 0 0 1
0 0 0 0 1
0 0 0 0 1
0 0 0 0 1
0 0 0 0 1
0 0 0 0 1
0 0 0 0 1
0 0 0 0 1
0 0 0 0 1
0 0 0 0 1
0 0 0 0 1
0 0 0 0 1
0 0 0 0 1
0 0 0 0 1
0 0 0 0 1
0 0 0 0 1
0 0 0 0 1
0 0 0 0 1
0 1 0 0 0
0.0100675520116056 1 0 0 0
0.000916378212423297 1 0 0 0
0 1 0 0 0
0 1 0 0 0
0 1 0 0 0
0 1 0 0 0
0 1 0 0 0
0 1 0 0 0
0 1 0 0 0
0 1 0 0 0
0 1 0 0 0
0 1 0 0 0
0 1 0 0 0
0 1 0 0 0
0 1 0 0 0
0 1 0 0 0
0 1 0 0 0
0.0350449663528707 1 0 0 0
0.0521134643349797 1 0 0 0
0.166746096510906 1 0 0 0
0.286030619463418 1 0 0 0
0.281496123534453 1 0 0 0
0.314949402309139 1 0 0 0
0.327312942317803 1 0 0 0
0.280442127404967 1 0 0 0
0.325334949593525 1 0 0 0
0.108184196506045 1 0 0 0
0.0820051373011665 1 0 0 0
0 1 0 0 0
0 1 0 0 0
0 1 0 0 0
0 1 0 0 0
0 1 0 0 0
0 1 0 0 0
0 1 0 0 0
0 1 0 0 0
0 1 0 0 0
0 1 0 0 0
0 1 0 0 0
0 1 0 0 0
0 1 0 0 0
0 1 0 0 0
0 1 0 0 0
0 1 0 0 0
0 1 0 0 0
0.0538483743213192 1 0 0 0
0.134346914649086 1 0 0 0
0.070793554186821 1 0 0 0
0.255480590567458 1 0 0 0
0.262941184701049 1 0 0 0
0.379028035240481 1 0 0 0
0.456840396509506 1 0 0 0
0.396608047594782 1 0 0 0
0.375927378627239 1 0 0 0
0.355551770553575 1 0 0 0
0.33724051900208 1 0 0 0
0.295862882012443 1 0 0 0
0.218046085137757 1 0 0 0
0.222607378418616 1 0 0 0
0.169721951351676 1 0 0 0
0.21900483261561 1 0 0 0
0.232584634431987 1 0 0 0
0.266560070485866 1 0 0 0
0.242510672421758 1 0 0 0
0.149763002809777 1 0 0 0
0.104938029835466 1 0 0 0
0.0465368848381331 1 0 0 0
0.00360845569957746 1 0 0 0
0 1 0 0 0
0 1 0 0 0
0 1 0 0 0
0 1 0 0 0
0 1 0 0 0
0.00474569583275297 1 0 0 0
0 1 0 0 0
0.00615329463471426 1 0 0 0
0 1 0 0 0
0.032247512081085 1 0 0 0
0 1 0 0 0
0 1 0 0 0
0 1 0 0 0
0 1 0 0 0
0 1 0 0 0
0 1 0 0 0
0 1 0 0 0
0 1 0 0 0
0 1 0 0 0
0.000499468114867341 1 0 0 0
0 1 0 0 0
0 1 0 0 0
0 1 0 0 0
0 1 0 0 0
0 1 0 0 0
0 1 0 0 0
0.0827851721396655 1 0 0 0
0.147454440593719 1 0 0 0
0.165115296113072 1 0 0 0
0.219863508391427 1 0 0 0
0.219114961510058 1 0 0 0
0.259943395576556 1 0 0 0
0.336495882947929 1 0 0 0
0.264007129771926 1 0 0 0
0.279270439932588 1 0 0 0
0.217077975321445 1 0 0 0
0.250424771365942 1 0 0 0
0.128635577311798 1 0 0 0
0.190926850336837 1 0 0 0
0.183479911356699 1 0 0 0
0.15157311963776 1 0 0 0
0.15252297924917 1 0 0 0
0.144207802804885 1 0 0 0
0.137421166073182 1 0 0 0
0.161127562023466 1 0 0 0
0.0619741171021815 1 0 0 0
0.0302302669297205 1 0 0 0
0.0157588156071142 1 0 0 0
0 1 0 0 0
0 1 0 0 0
0 1 0 0 0
0 1 0 0 0
0 1 0 0 0
0 1 0 0 0
0 1 0 0 0
0 1 0 0 0
0 0 1 0 0
0 0 0 0 0
0 0 0 0 0
0 0 0 0 0
0 0 0 0 0
0 0 0 0 0
0 0 0 0 0
0 0 0 1 0
0 0 0 1 0
0 0 0 1 0
0 0 0 1 0
0 0 0 1 0
0 0 0 1 0
0 0 0 1 0
0 0 0 1 0
0 0 0 0 0
0 0 0 0 0
0 0 0 0 0
0 0 0 0 0
0 0 0 0 0
0 0 0 0 0
0 0 0 0 0
0 0 0 0 0
0 0 0 0 0
0 0 0 0 0
0 0 0 0 0
0 0 0 0 0
0 0 0 0 0
0 0 0 0 0
0 0 0 0 0
0 0 0 0 0
0 0 0 0 0
0 0 0 0 0
0 0 0 0 0
0 0 0 0 0
0 0 0 0 0
0 0 0 0 0
0 0 0 0 0
0 0 0 0 0
0 0 0 0 0
0 0 0 0 0
0 0 0 0 0
0 0 0 0 0
0 0 0 0 0
0 0 0 0 0
0 0 0 0 1
0 0 0 0 1
0 0 0 0 1
0 0 0 0 1
0 0 0 0 1
0 0 0 0 1
0 0 0 0 1
0 0 0 0 1
0 0 0 0 1
0 0 0 0 1
0 0 0 0 1
0 0 0 0 1
0 0 0 0 1
0 0 0 0 1
0 0 0 0 1
0 0 0 0 1
0 0 0 0 1
0 0 0 0 1
0 0 0 0 1
0 0 0 0 1
0 0 0 0 1
0 0 0 0 1
0 0 0 0 1
0 0 0 0 1
0 0 0 0 1
0 0 0 0 1
0 0 0 0 1
0 0 0 0 1
0 0 0 0 1
0 0 0 0 1
0 0 0 0 1
0 0 0 0 1
0 1 0 0 0
0 1 0 0 0
0 1 0 0 0
0 1 0 0 0
0 1 0 0 0
0 1 0 0 0
0 1 0 0 0
0 1 0 0 0
0 1 0 0 0
0 1 0 0 0
0 1 0 0 0
0 1 0 0 0
0 1 0 0 0
0 1 0 0 0
0 1 0 0 0
0 1 0 0 0
0 1 0 0 0
0 1 0 0 0
0 1 0 0 0
0 1 0 0 0
0 1 0 0 0
0 1 0 0 0
0 1 0 0 0
0 1 0 0 0
0 1 0 0 0
0 1 0 0 0
0 1 0 0 0
0 1 0 0 0
0 1 0 0 0
0 1 0 0 0
0 1 0 0 0
0 1 0 0 0
0 1 0 0 0
0 1 0 0 0
0 1 0 0 0
0 1 0 0 0
0 1 0 0 0
0 1 0 0 0
0 1 0 0 0
0 1 0 0 0
0 1 0 0 0
0 1 0 0 0
0 1 0 0 0
0 1 0 0 0
0 1 0 0 0
0 1 0 0 0
0 1 0 0 0
0 1 0 0 0
0 1 0 0 0
0 1 0 0 0
0 1 0 0 0
0 1 0 0 0
0 1 0 0 0
0 1 0 0 0
0 1 0 0 0
0 1 0 0 0
0 1 0 0 0
0 1 0 0 0
0 1 0 0 0
0 1 0 0 0
0 1 0 0 0
0 1 0 0 0
0 1 0 0 0
0 1 0 0 0
0 1 0 0 0
0 1 0 0 0
0 1 0 0 0
0 1 0 0 0
0 1 0 0 0
0 1 0 0 0
0 1 0 0 0
0 1 0 0 0
0 1 0 0 0
0 1 0 0 0
0 1 0 0 0
0 1 0 0 0
0 1 0 0 0
0 1 0 0 0
0 1 0 0 0
0 1 0 0 0
0 1 0 0 0
0.123648672342824 1 0 0 0
0.393613368942169 1 0 0 0
0.455302142654546 1 0 0 0
0.582556473091245 1 0 0 0
0.249983746471116 1 0 0 0
0.198147543414962 1 0 0 0
0 1 0 0 0
0 1 0 0 0
0 1 0 0 0
0 1 0 0 0
0 1 0 0 0
0 1 0 0 0
0 1 0 0 0
0 1 0 0 0
0 1 0 0 0
0 1 0 0 0
0 1 0 0 0
0 1 0 0 0
0 1 0 0 0
0 1 0 0 0
0 1 0 0 0
0 1 0 0 0
0 1 0 0 0
0 1 0 0 0
0 1 0 0 0
0 1 0 0 0
0 1 0 0 0
0 1 0 0 0
0 1 0 0 0
0 1 0 0 0
0 1 0 0 0
0 1 0 0 0
0 1 0 0 0
0 1 0 0 0
0 1 0 0 0
0 1 0 0 0
0 1 0 0 0
0.0106363604572834 1 0 0 0
0.0819691913420684 1 0 0 0
0.0887764153958415 1 0 0 0
0.171994232459838 1 0 0 0
0.151836871737032 1 0 0 0
0.174476950633107 1 0 0 0
0.0316757696054992 1 0 0 0
0.0762089621275663 0 1 0 0
0.0657045266052592 0 0 0 0
0.00143530269269831 0 0 0 0
0 0 0 0 0
0 0 0 0 0
0 0 0 0 0
0 0 0 0 0
0 0 0 0 0
0 0 0 0 0
0 0 0 0 0
0 0 0 0 0
0 0 0 0 0
0 0 0 0 0
0 0 0 0 0
0 0 0 0 0
0 0 0 0 0
0 0 0 0 0
0 0 0 0 0
0 0 0 0 0
0 0 0 0 0
0 0 0 0 0
0 0 0 0 0
0 0 0 0 0
0 0 0 0 0
0 0 0 0 0
0 0 0 0 0
0 0 0 0 0
0 0 0 1 0
0 0 0 1 0
0 0 0 1 0
0 0 0 1 0
0 0 0 0 0
0 0 0 0 0
0 0 0 0 0
0 0 0 0 0
0 0 0 0 0
0 0 0 0 0
0 0 0 0 0
0 0 0 0 0
0 0 0 0 0
0 0 0 0 0
0 0 0 0 0
0 0 0 0 0
0 0 0 0 0
0 0 0 0 0
0 0 0 0 0
0 0 0 0 0
0 0 0 0 0
0 0 0 0 0
0 0 0 0 0
0 0 0 0 0
0 0 0 0 0
0 0 0 0 0
0 0 0 0 0
0 0 0 0 0
0 0 0 0 0
0 0 0 0 0
0 0 0 0 0
0 0 0 0 0
0 0 0 0 0
0 0 0 0 0
0 0 0 0 1
0 0 0 0 1
0 0 0 0 1
0 0 0 0 1
0 0 0 0 1
0 0 0 0 1
0 0 0 0 1
0 0 0 0 1
0 0 0 0 1
0 0 0 0 1
0 0 0 0 1
0 0 0 0 1
0 0 0 0 1
0 0 0 0 1
0 0 0 0 1
0 0 0 0 1
0 0 0 0 1
0 0 0 0 1
0 0 0 0 1
0 0 0 0 1
0 0 0 0 1
0.151242675201502 0 0 0 1
0.0290167754428694 0 0 0 1
0 0 0 0 1
0.0658880883293023 0 0 0 1
0 0 0 0 1
0 0 0 0 1
0 0 0 0 1
0 0 0 0 1
0 0 0 0 1
0 0 0 0 1
0 0 0 0 1
0 1 0 0 0
0 1 0 0 0
0 1 0 0 0
0 1 0 0 0
0 1 0 0 0
0 1 0 0 0
0 1 0 0 0
0 1 0 0 0
0 1 0 0 0
0 1 0 0 0
0.0623580560841219 1 0 0 0
0 1 0 0 0
0 1 0 0 0
0.0564058791496791 1 0 0 0
0.0638745755168202 1 0 0 0
0.0770425418750165 1 0 0 0
0.21633319738612 1 0 0 0
0.211331718219299 1 0 0 0
0.26309653003409 1 0 0 0
0.335375363647472 1 0 0 0
0.301428752209176 1 0 0 0
0.325370256177848 1 0 0 0
0.256159211858176 1 0 0 0
0.209840902243741 1 0 0 0
0.111944090349425 1 0 0 0
0.235737770708511 1 0 0 0
0.14112908320385 1 0 0 0
0.122749665933952 1 0 0 0
0.0890592109499266 1 0 0 0
0.108757475800303 1 0 0 0
0.0343616120517254 1 0 0 0
0.134581512611476 1 0 0 0
0.0622653406026075 1 0 0 0
0.111216215827881 1 0 0 0
0.0567758943361696 1 0 0 0
0.037042379972263 1 0 0 0
0.18101772366208 1 0 0 0
0.0862043343659025 1 0 0 0
0.271530820100452 1 0 0 0
0.297061445053259 1 0 0 0
0.34142625372624 1 0 0 0
0.0967570558714215 1 0 0 0
0.0855298712849617 1 0 0 0
0.119741074740887 1 0 0 0
0.0287592420136207 1 0 0 0
0 1 0 0 0
0 1 0 0 0
0 1 0 0 0
0 1 0 0 0
0 1 0 0 0
0 1 0 0 0
0 1 0 0 0
0 1 0 0 0
0 1 0 0 0
0 1 0 0 0
0 1 0 0 0
0 1 0 0 0
0 1 0 0 0
0 1 0 0 0
0 1 0 0 0
0 1 0 0 0
0 1 0 0 0
0 1 0 0 0
0 1 0 0 0
0 1 0 0 0
0 1 0 0 0
0.0324536131302011 1 0 0 0
0.00816532315184304 1 0 0 0
0.113458931537025 1 0 0 0
0.0928799142911885 1 0 0 0
0.0618441022197658 1 0 0 0
0 1 0 0 0
0 1 0 0 0
0 1 0 0 0
0 1 0 0 0
0 1 0 0 0
0 1 0 0 0
0 1 0 0 0
0 1 0 0 0
0 1 0 0 0
0 1 0 0 0
0 1 0 0 0
0 1 0 0 0
0 1 0 0 0
0 1 0 0 0
0 1 0 0 0
0 1 0 0 0
0 1 0 0 0
0 1 0 0 0
0 1 0 0 0
0 1 0 0 0
0 1 0 0 0
0 1 0 0 0
0 1 0 0 0
0 1 0 0 0
0 1 0 0 0
0 1 0 0 0
0 1 0 0 0
0 1 0 0 0
0 1 0 0 0
0 1 0 0 0
0 1 0 0 0
0 1 0 0 0
0 1 0 0 0
0 1 0 0 0
0 1 0 0 0
0 1 0 0 0
0 1 0 0 0
0 1 0 0 0
0 1 0 0 0
0 1 0 0 0
0 1 0 0 0
0 1 0 0 0
0 1 0 0 0
0 1 0 0 0
0 1 0 0 0
0 1 0 0 0
0 1 0 0 0
0 1 0 0 0
0 1 0 0 0
0 1 0 0 0
0 1 0 0 0
0 1 0 0 0
0 1 0 0 0
0 1 0 0 0
0 0 1 0 0
0 0 0 0 0
0 0 0 0 0
0 0 0 0 0
0 0 0 0 0
0 0 0 0 0
0 0 0 1 0
0 0 0 1 0
0 0 0 0 0
0 0 0 0 0
0 0 0 0 0
0 0 0 0 0
0 0 0 0 0
0 0 0 0 0
0 0 0 0 0
0 0 0 0 0
0 0 0 0 0
0 0 0 0 0
0 0 0 0 0
0 0 0 0 0
0 0 0 0 0
0 0 0 0 0
0 0 0 0 0
0 0 0 0 0
0.0965397762229259 0 0 0 0
0.165841264788469 0 0 0 0
0.143195235068561 0 0 0 0
0 0 0 0 0
0.0928958834265359 0 0 0 0
0.192434348718962 0 0 0 0
0.182542244147044 0 0 0 0
0 0 0 0 0
0 0 0 0 0
0 0 0 0 0
1.43563610618003 0 0 0 0
4.08606641576625 0 0 0 0
5.04119443939999 0 0 0 0
5.91275270562619 0 0 0 0
3.93523479579017 0 0 0 1
2.93081218842417 0 0 0 1
2.74448504205793 0 0 0 1
1.57492545258719 0 0 0 1
0.563823399716057 0 0 0 1
0.172426032804651 0 0 0 1
0.175725906728985 0 0 0 1
0.188806233836658 0 0 0 1
0 0 0 0 1
0 0 0 0 1
0 0 0 0 1
0 0 0 0 1
0 0 0 0 1
0 0 0 0 1
0 0 0 0 1
0 0 0 0 1
0 0 0 0 1
0 0 0 0 1
0 0 0 0 1
0 0 0 0 1
0 0 0 0 1
0 0 0 0 1
0 0 0 0 1
0 0 0 0 1
0 0 0 0 1
0.0364641223313811 0 0 0 1
0.0939529836614383 0 0 0 1
0.0964882315201976 0 0 0 1
0.124656358821085 0 0 0 1
0.0764165554301144 0 0 0 1
0.0145135445563938 0 0 0 1
0.0517667278927547 0 0 0 1
0.0664861836412456 1 0 0 0
0.156992206029827 1 0 0 0
0.182063133252086 1 0 0 0
0.380255104573735 1 0 0 0
0.371376792827505 1 0 0 0
0.645446067210287 1 0 0 0
0.705365397152491 1 0 0 0
0.775562140916009 1 0 0 0
0.653541574138217 1 0 0 0
0.660658472042996 1 0 0 0
0.556165243324358 1 0 0 0
0.536757695954293 1 0 0 0
0.465661476482637 1 0 0 0
0.389453018215136 1 0 0 0
0.264107107796008 1 0 0 0
0.192027586308541 1 0 0 0
0.175644641785766 1 0 0 0
0.140827848554181 1 0 0 0
0.0734453551558545 1 0 0 0
0.125472900435852 1 0 0 0
0.0920490369935578 1 0 0 0
0.0620264083295297 1 0 0 0
0.112838763925538 1 0 0 0
0.107382701116876 1 0 0 0
0.117585063890147 1 0 0 0
0.0832808673294494 1 0 0 0
0.0993579169517034 1 0 0 0
0.0977593931565934 1 0 0 0
0.122319023830642 1 0 0 0
0.119619538963889 1 0 0 0
0.152795759277069 1 0 0 0
0.117125407541607 1 0 0 0
0.12714177955786 1 0 0 0
0.169842597642855 1 0 0 0
0.140288188049453 1 0 0 0
0.168483606103109 1 0 0 0
0.115482554974733 1 0 0 0
0.206925536986091 1 0 0 0
0.187067407750874 1 0 0 0
0.264480337477835 1 0 0 0
0.231506261570757 1 0 0 0
0.288033860670112 1 0 0 0
0.293473240162712 1 0 0 0
0.295602245046211 1 0 0 0
0.261969446000876 1 0 0 0
0.260929063188087 1 0 0 0
0.216291800825275 1 0 0 0
0.0935155434262924 1 0 0 0
0.0974460963334423 1 0 0 0
0.174471965237899 1 0 0 0
0.105715960216912 1 0 0 0
0.113497490360714 1 0 0 0
0.245211870151252 1 0 0 0
0.139574289278244 1 0 0 0
0.214673069422133 1 0 0 0
0.244085440499475 1 0 0 0
0.274875761533622 1 0 0 0
0.148112751048757 1 0 0 0
0.121216380648548 1 0 0 0
0.0701832623235532 1 0 0 0
0.101816420283285 1 0 0 0
0.0760877064749366 1 0 0 0
0.0401195588892733 1 0 0 0
0.0760697776058805 1 0 0 0
0.00832178648124682 1 0 0 0
0 1 0 0 0
0.024189893338189 1 0 0 0
0 1 0 0 0
0.00241017104940511 1 0 0 0
0 1 0 0 0
0 1 0 0 0
0 1 0 0 0
0 1 0 0 0
0 1 0 0 0
0 1 0 0 0
0 1 0 0 0
0 1 0 0 0
0 1 0 0 0
0 1 0 0 0
0 1 0 0 0
0 1 0 0 0
0 1 0 0 0
0.0841540731926216 1 0 0 0
0.10702135136853 1 0 0 0
0.195414993868326 1 0 0 0
0.210690825042548 1 0 0 0
0.238600518059684 1 0 0 0
0.273561476205941 1 0 0 0
0.273421126621542 1 0 0 0
0.2477925754647 1 0 0 0
0.131804357351939 1 0 0 0
0.0330614384438377 1 0 0 0
0 1 0 0 0
0.00491519676870666 1 0 0 0
0 1 0 0 0
0 1 0 0 0
0 1 0 0 0
0 1 0 0 0
0 1 0 0 0
0 1 0 0 0
0 1 0 0 0
0 1 0 0 0
0 1 0 0 0
0 1 0 0 0
0 1 0 0 0
0 1 0 0 0
0 1 0 0 0
0 1 0 0 0
0 1 0 0 0
0 1 0 0 0
0 1 0 0 0
0 1 0 0 0
0 1 0 0 0
0 1 0 0 0
0 1 0 0 0
0 1 0 0 0
0 1 0 0 0
0 1 0 0 0
0 1 0 0 0
0 1 0 0 0
0 1 0 0 0
0 1 0 0 0
0 1 0 0 0
0 1 0 0 0
0 1 0 0 0
0 0 1 0 0
0 0 0 0 0
0 0 0 0 0
0 0 0 0 0
0 0 0 0 0
0 0 0 0 0
0 0 0 1 0
0 0 0 1 0
0 0 0 0 0
0 0 0 0 0
0 0 0 0 0
0 0 0 0 0
0 0 0 0 0
0.0488300356664695 0 0 0 0
0.039111590012908 0 0 0 0
0.0849156164122178 0 0 0 0
0.0447340298705967 0 0 0 0
0.0794404209045751 0 0 0 0
0.0637708699287032 0 0 0 0
0.0860365598782664 0 0 0 0
0.235179860283097 0 0 0 0
0.146836087424163 0 0 0 0
0.169669693605101 0 0 0 0
0.126451443065889 0 0 0 0
0.190755396033637 0 0 0 0
0.126869279483799 0 0 0 0
0.133434306007985 0 0 0 0
0.00661881745145365 0 0 0 0
0.0329776698890782 0 0 0 0
0 0 0 0 0
0 0 0 0 0
0 0 0 0 0
0.0978327340135365 0 0 0 0
0.052086263167439 0 0 0 0
0.0959707922447706 0 0 0 0
0.106921047517972 0 0 0 0
0.0628027628408745 0 0 0 0
0.0945841402426595 0 0 0 0
0.118890221074253 0 0 0 1
0.112090262518905 0 0 0 1
0.00389581873605493 0 0 0 1
0.0860213538089738 0 0 0 1
0.0687097672198433 0 0 0 1
0.046661683882121 0 0 0 1
0.151184947753791 0 0 0 1
0.0790623962529935 0 0 0 1
0.0326686986227287 0 0 0 1
0.0164406371823134 0 0 0 1
0 0 0 0 1
0 0 0 0 1
0 0 0 0 1
0 0 0 0 1
0 0 0 0 1
0 0 0 0 1
0 0 0 0 1
0 0 0 0 1
0 0 0 0 1
0 0 0 0 1
0 0 0 0 1
0 0 0 0 1
0 0 0 0 1
0 0 0 0 1
0 0 0 0 1
0 0 0 0 1
0 0 0 0 1
0 0 0 0 1
0 0 0 0 1
0 0 0 0 1
0 0 0 0 1
0 0 0 0 1
0.131228846100839 1 0 0 0
0.255852239206433 1 0 0 0
0.236796868193778 1 0 0 0
0.241270428887219 1 0 0 0
0.335028213157784 1 0 0 0
0.377593143639388 1 0 0 0
0.475629232823849 1 0 0 0
0.445907422545133 1 0 0 0
0.551038428966422 1 0 0 0
0.518121232744306 1 0 0 0
0.586394409765489 1 0 0 0
0.58197613543598 1 0 0 0
0.657371885608882 1 0 0 0
0.673107206239365 1 0 0 0
0.721050804713741 1 0 0 0
0.757192974560894 1 0 0 0
0.797641681856476 1 0 0 0
0.984246828011237 1 0 0 0
1.11679157998879 1 0 0 0
1.27671932568774 1 0 0 0
1.55164304305799 1 0 0 0
1.51296978583559 1 0 0 0
1.75906624644995 1 0 0 0
1.8761952087516 1 0 0 0
1.99605553643778 1 0 0 0
2.0169660274405 1 0 0 0
2.05245279357769 1 0 0 0
2.19939814996906 1 0 0 0
2.38784842076711 1 0 0 0
2.41418241057545 1 0 0 0
2.28073727339506 1 0 0 0
2.58030678378418 1 0 0 0
2.89164873538539 1 0 0 0
2.95507279224694 1 0 0 0
3.44418885651976 1 0 0 0
3.86106799123809 1 0 0 0
4.71156346611679 1 0 0 0
5.70373435039073 1 0 0 0
7.53858499228954 1 0 0 0
8.55767645407468 1 0 0 0
10.5493867304176 1 0 0 0
12.0218233205378 1 0 0 0
14.0250797849149 1 0 0 0
15.6928366050124 1 0 0 0
17.1440299600363 1 0 0 0
17.2113133594394 1 0 0 0
16.6990591678768 1 0 0 0
15.2923294808716 1 0 0 0
15.5266809742898 1 0 0 0
14.2225511372089 1 0 0 0
14.5027108956128 1 0 0 0
14.2302913591266 1 0 0 0
14.8598009254783 1 0 0 0
15.645872335881 1 0 0 0
16.4370769634843 1 0 0 0
18.03232380189 1 0 0 0
17.8766716271639 1 0 0 0
17.3683830071241 1 0 0 0
15.8845095429569 1 0 0 0
14.6222326438874 1 0 0 0
11.9030163623393 1 0 0 0
10.2130254963413 1 0 0 0
8.97056784015149 1 0 0 0
8.26303765643388 1 0 0 0
7.92731146793813 1 0 0 0
8.29201587475836 1 0 0 0
8.79834650550038 1 0 0 0
10.907523217611 1 0 0 0
11.3153147976846 1 0 0 0
13.8242535758764 1 0 0 0
14.8003927897662 1 0 0 0
16.9168168213218 1 0 0 0
17.0803393702954 1 0 0 0
18.3395624626428 1 0 0 0
17.6528412848711 1 0 0 0
17.5747014582157 1 0 0 0
16.7188046034425 1 0 0 0
16.7887271381915 1 0 0 0
15.46839508228 1 0 0 0
15.6870186328888 1 0 0 0
15.335061121732 1 0 0 0
15.3078672010452 1 0 0 0
15.3589565306902 1 0 0 0
16.6299482807517 1 0 0 0
17.1214402653277 1 0 0 0
19.3465165793896 1 0 0 0
20.6144112162292 1 0 0 0
18.6914682853967 1 0 0 0
16.8381177354604 1 0 0 0
15.8909549936652 1 0 0 0
14.2977284267545 1 0 0 0
14.9213664699346 1 0 0 0
14.4829587079585 1 0 0 0
14.1981875058264 1 0 0 0
14.1180069185793 1 0 0 0
13.392596738413 1 0 0 0
12.5078387791291 1 0 0 0
11.1902772914618 1 0 0 0
9.94568003807217 1 0 0 0
9.08399338368326 1 0 0 0
8.08006501756608 1 0 0 0
7.57680216338485 1 0 0 0
6.47688680328429 1 0 0 0
7.75828631594777 1 0 0 0
6.99293776415288 1 0 0 0
7.65844294801354 1 0 0 0
7.73111230228096 1 0 0 0
7.91180483065546 1 0 0 0
7.23907677456737 1 0 0 0
7.52192956861109 1 0 0 0
6.98230450507253 1 0 0 0
6.74473820254207 1 0 0 0
6.6296641016379 1 0 0 0
5.80938649363816 1 0 0 0
5.62438019551337 1 0 0 0
5.43715996900573 1 0 0 0
4.96935518458486 1 0 0 0
4.84112958656624 1 0 0 0
4.92548989132047 1 0 0 0
4.66548564145342 1 0 0 0
4.46220743469894 1 0 0 0
4.263850976713 1 0 0 0
4.25923534203321 1 0 0 0
4.0190079016611 1 0 0 0
4.55774966394529 1 0 0 0
4.21125849243253 0 1 0 0
4.29606687976047 0 0 0 0
3.61767609138042 0 0 0 0
3.44942789524794 0 0 0 0
3.10159550281242 0 0 0 0
2.76912728440948 0 0 1 0
2.1160893375054 0 0 1 0
2.0341358758742 0 0 1 0
1.86344608664513 0 0 0 0
1.67782057542354 0 0 0 0
1.8400106637273 0 0 0 0
2.04183722962625 0 0 0 0
2.17865512240678 0 0 0 0
2.10279735620134 0 0 0 0
2.34972653561272 0 0 0 0
2.81449416070245 0 0 0 0
3.0055342358537 0 0 0 0
3.21997617720626 0 0 0 0
3.61670236452483 0 0 0 0
3.7083700299263 0 0 0 0
4.30450361454859 0 0 0 0
4.21907927375287 0 0 0 0
4.67340357135981 0 0 0 0
4.25815689959563 0 0 0 0
4.62765409611166 0 0 0 0
4.58875921322033 0 0 0 0
4.71425824798644 0 0 0 0
4.57981764338911 0 0 0 0
4.61953441845253 0 0 0 0
4.00600285502151 0 0 0 0
3.76710289856419 0 0 0 0
4.13404864957556 0 0 0 0
3.6955242685508 0 0 0 0
3.79188774968497 0 0 0 0
3.75399633776397 0 0 0 0
3.98894230602309 0 0 0 0
3.89060756424442 0 0 0 0
3.87990614399314 0 0 0 0
3.16448960802518 0 0 0 1
2.99739572801627 0 0 0 1
2.32019441318698 0 0 0 1
2.10259953746572 0 0 0 1
1.60918236360885 0 0 0 1
1.78047813824378 0 0 0 1
1.37854625063483 0 0 0 1
1.50546168151777 0 0 0 1
1.60618469817564 0 0 0 1
1.74467678880319 0 0 0 1
1.38294260250404 0 0 0 1
1.39213241345715 0 0 0 1
1.31592228717636 0 0 0 1
1.31356115161907 0 0 0 1
1.16182229976403 0 0 0 1
1.16817816160619 0 0 0 1
1.33650659699924 0 0 0 1
1.38879216683563 0 0 0 1
1.60459149628878 0 0 0 1
1.46445671271067 0 0 0 1
2.31731630628929 0 0 0 1
2.32152050011791 0 0 0 1
2.97765657887794 0 0 0 1
3.1922809430398 0 0 0 1
4.04002930736169 0 0 0 1
4.44844277808443 0 0 0 1
5.40462648496032 0 0 0 1
6.19260629173368 0 0 0 1
6.22666470007971 0 0 0 1
6.55184558127075 0 0 0 1
6.38688547769561 0 0 0 1
6.24453712953255 0 0 0 1
