spikerate ITI cue push reward
0.144975021271421 1 0 0 0
0.189917440366116 1 0 0 0
0.185887702173204 1 0 0 0
0.189173406397458 1 0 0 0
0.270951861239155 1 0 0 0
0.311165530092694 1 0 0 0
0.415839025663445 1 0 0 0
0.400497996452032 1 0 0 0
0.404080699809128 1 0 0 0
0.482014424051158 1 0 0 0
0.408370091463439 1 0 0 0
0.454860462923534 1 0 0 0
0.349185753293568 1 0 0 0
0.346239099599188 1 0 0 0
0.190383190783905 1 0 0 0
0.123448249723879 1 0 0 0
0.0682103900544462 1 0 0 0
0.0884162254806142 1 0 0 0
0.024334203772014 1 0 0 0
0 1 0 0 0
0.0189077577488206 1 0 0 0
0 1 0 0 0
0 1 0 0 0
0 1 0 0 0
0 1 0 0 0
0 1 0 0 0
0 1 0 0 0
0 1 0 0 0
0 1 0 0 0
0 1 0 0 0
0 1 0 0 0
0 1 0 0 0
0 1 0 0 0
0 1 0 0 0
0 1 0 0 0
0 1 0 0 0
0 1 0 0 0
0 1 0 0 0
0 1 0 0 0
0 1 0 0 0
0.0333551324729342 1 0 0 0
0 1 0 0 0
0 1 0 0 0
0 1 0 0 0
0 1 0 0 0
0 1 0 0 0
0 1 0 0 0
0 1 0 0 0
0 1 0 0 0
0 1 0 0 0
0 1 0 0 0
0 1 0 0 0
0 1 0 0 0
0 1 0 0 0
0 1 0 0 0
0 1 0 0 0
0 1 0 0 0
0 1 0 0 0
0 1 0 0 0
0 1 0 0 0
0 1 0 0 0
0 1 0 0 0
0 1 0 0 0
0 1 0 0 0
0 1 0 0 0
0 1 0 0 0
0 1 0 0 0
0 1 0 0 0
0 1 0 0 0
0 1 0 0 0
0 1 0 0 0
0 1 0 0 0
0 1 0 0 0
0 1 0 0 0
0 1 0 0 0
0 1 0 0 0
0 1 0 0 0
0 1 0 0 0
0 1 0 0 0
0 1 0 0 0
0 1 0 0 0
0 1 0 0 0
0 1 0 0 0
0 1 0 0 0
0 1 0 0 0
0 1 0 0 0
0 1 0 0 0
0 1 0 0 0
0 1 0 0 0
0 1 0 0 0
0 1 0 0 0
0 1 0 0 0
0 1 0 0 0
0 1 0 0 0
0 1 0 0 0
0 1 0 0 0
0.033884681215568 1 0 0 0
0 1 0 0 0
0.0414019013987854 1 0 0 0
0.102421872270497 1 0 0 0
0.0267165248715173 1 0 0 0
0 1 0 0 0
0 1 0 0 0
0 1 0 0 0
0 1 0 0 0
0 1 0 0 0
0 1 0 0 0
0 1 0 0 0
0 1 0 0 0
0 1 0 0 0
0 1 0 0 0
0 1 0 0 0
0 1 0 0 0
0 1 0 0 0
0 1 0 0 0
0 1 0 0 0
0 1 0 0 0
0 1 0 0 0
0 1 0 0 0
0 1 0 0 0
0 1 0 0 0
0 1 0 0 0
0 1 0 0 0
0.0510194768139627 1 0 0 0
0 1 0 0 0
0 0 1 0 0
0 0 0 0 0
0 0 0 0 0
0 0 0 0 0
0 0 0 0 0
0 0 0 1 0
0 0 0 1 0
0 0 0 1 0
0 0 0 0 0
0 0 0 0 0
0 0 0 0 0
0 0 0 0 0
0 0 0 0 0
0 0 0 0 0
0 0 0 0 0
0 0 0 0 0
0 0 0 0 0
0 0 0 0 0
0 0 0 0 0
0 0 0 0 0
0 0 0 0 0
0 0 0 0 0
0 0 0 0 0
0 0 0 0 0
0 0 0 0 0
0 0 0 0 0
0 0 0 0 0
0 0 0 0 0
0 0 0 0 0
0 0 0 0 0
0 0 0 0 0
0 0 0 0 0
0.0690530046085769 0 0 0 0
0.088453291937185 0 0 0 0
0.175274582602469 0 0 0 0
0.164321346346696 0 0 0 0
0.0986686922317404 0 0 0 0
0 0 0 0 0
0 0 0 0 1
0 0 0 0 1
0 0 0 0 1
0 0 0 0 1
0 0 0 0 1
0 0 0 0 1
0 0 0 0 1
0 0 0 0 1
0 0 0 0 1
0 0 0 0 1
0 0 0 0 1
0 0 0 0 1
0 0 0 0 1
0 0 0 0 1
0 0 0 0 1
0 0 0 0 1
0 0 0 0 1
0 0 0 0 1
0 0 0 0 1
0 0 0 0 1
0 0 0 0 1
0 0 0 0 1
0 0 0 0 1
0 0 0 0 1
0 0 0 0 1
0 0 0 0 1
0 0 0 0 1
0 0 0 0 1
0 0 0 0 1
0 0 0 0 1
0 0 0 0 1
0 0 0 0 1
0 1 0 0 0
0 1 0 0 0
0 1 0 0 0
0 1 0 0 0
0 1 0 0 0
0 1 0 0 0
0 1 0 0 0
0 1 0 0 0
0 1 0 0 0
0 1 0 0 0
0 1 0 0 0
0 1 0 0 0
0 1 0 0 0
0 1 0 0 0
0 1 0 0 0
0 1 0 0 0
0 1 0 0 0
0 1 0 0 0
0 1 0 0 0
0 1 0 0 0
0 1 0 0 0
0 1 0 0 0
0 1 0 0 0
0 1 0 0 0
0 1 0 0 0
0 1 0 0 0
0 1 0 0 0
0 1 0 0 0
0 1 0 0 0
0 1 0 0 0
0 1 0 0 0
0 1 0 0 0
0 1 0 0 0
0 1 0 0 0
0 1 0 0 0
0 1 0 0 0
0 1 0 0 0
0 1 0 0 0
0 1 0 0 0
0 1 0 0 0
0 1 0 0 0
0 1 0 0 0
0 1 0 0 0
0 1 0 0 0
0 1 0 0 0
0 1 0 0 0
0 1 0 0 0
0 1 0 0 0
0 1 0 0 0
0 1 0 0 0
0 1 0 0 0
0 1 0 0 0
0 1 0 0 0
0 1 0 0 0
0 1 0 0 0
0 1 0 0 0
0 1 0 0 0
0 1 0 0 0
0 1 0 0 0
0 1 0 0 0
0 1 0 0 0
0 1 0 0 0
0 1 0 0 0
0 1 0 0 0
0 1 0 0 0
0 1 0 0 0
0 1 0 0 0
0 1 0 0 0
0 1 0 0 0
0 1 0 0 0
0 1 0 0 0
0 1 0 0 0
0 1 0 0 0
0 1 0 0 0
0 1 0 0 0
0 1 0 0 0
0 1 0 0 0
0 1 0 0 0
0 1 0 0 0
0 1 0 0 0
0 1 0 0 0
0 1 0 0 0
0 1 0 0 0
0 1 0 0 0
0 1 0 0 0
0 1 0 0 0
0 1 0 0 0
0 1 0 0 0
0 1 0 0 0
0 1 0 0 0
0.0541527747373038 1 0 0 0
0.00988743158814032 1 0 0 0
0.0735697340132901 1 0 0 0
0.0884313121787272 1 0 0 0
0 1 0 0 0
0.0745237363730666 1 0 0 0
0.0330732673319289 1 0 0 0
0.0553929257876007 1 0 0 0
0 1 0 0 0
0 1 0 0 0
0 1 0 0 0
0 1 0 0 0
0 1 0 0 0
0.0131947908812435 1 0 0 0
0.138110146508552 1 0 0 0
0 1 0 0 0
0 1 0 0 0
0 1 0 0 0
0.1134257281592 1 0 0 0
0 1 0 0 0
0 1 0 0 0
0.00802427348389756 1 0 0 0
0 1 0 0 0
0 1 0 0 0
0 1 0 0 0
0 1 0 0 0
0 1 0 0 0
0 1 0 0 0
0 1 0 0 0
0 1 0 0 0
0 1 0 0 0
0 1 0 0 0
0 1 0 0 0
0 1 0 0 0
0 1 0 0 0
0 0 1 0 0
0 0 0 0 0
0 0 0 0 0
0 0 0 1 0
0 0 0 1 0
0 0 0 1 0
0 0 0 0 0
0 0 0 0 0
0 0 0 0 0
0 0 0 0 0
0 0 0 0 0
0 0 0 0 0
0 0 0 0 0
0 0 0 0 0
0 0 0 0 0
0 0 0 0 0
0 0 0 0 0
0 0 0 0 0
0 0 0 0 0
0 0 0 0 0
0 0 0 0 0
0 0 0 0 0
0 0 0 0 0
0 0 0 0 0
0 0 0 0 0
0 0 0 0 0
0 0 0 0 0
0 0 0 0 0
0 0 0 0 0
0 0 0 0 0
0 0 0 0 0
0.0591366078879219 0 0 0 0
0.180871090378787 0 0 0 0
0.0879317540238844 0 0 0 0
0.105296215224371 0 0 0 0
0.149257110024337 0 0 0 0
0.276813051641511 0 0 0 1
0.211936610867269 0 0 0 1
0.314932032779325 0 0 0 1
0 0 0 0 1
0 0 0 0 1
0 0 0 0 1
0 0 0 0 1
0 0 0 0 1
0 0 0 0 1
0 0 0 0 1
0 0 0 0 1
0 0 0 0 1
0 0 0 0 1
0.0525112718605669 0 0 0 1
0.141601539326075 0 0 0 1
0.172169319910154 0 0 0 1
0.195050472029834 0 0 0 1
0.252098401006151 0 0 0 1
0.328609814459924 0 0 0 1
0.41267775122833 0 0 0 1
0.33000683811224 0 0 0 1
0.423099098952662 0 0 0 1
0.379070513190527 0 0 0 1
0.329148977016303 0 0 0 1
0.225570211114245 0 0 0 1
0 0 0 0 1
0 0 0 0 1
0 0 0 0 1
0 0 0 0 1
0 0 0 0 1
0 0 0 0 1
0 0 0 0 1
18.8797677401453 1 0 0 0
15.7556398771703 1 0 0 0
13.0189219489694 1 0 0 0
9.48790519032627 1 0 0 0
7.80396815389395 1 0 0 0
6.78181217517704 1 0 0 0
6.23928959248587 1 0 0 0
5.26666507357731 1 0 0 0
5.29621832538396 1 0 0 0
5.22497657220811 1 0 0 0
4.81486081844196 1 0 0 0
4.1860734927468 1 0 0 0
4.1463763336651 1 0 0 0
3.86026524938643 1 0 0 0
3.2984521239996 1 0 0 0
2.75290306308307 1 0 0 0
2.43530020816252 1 0 0 0
2.0797603065148 1 0 0 0
2.06872573471628 1 0 0 0
1.81421759771183 1 0 0 0
1.73689029179513 1 0 0 0
1.62449896743055 1 0 0 0
1.71035937091801 1 0 0 0
1.72773416852579 1 0 0 0
1.83641602052376 1 0 0 0
1.7809892015066 1 0 0 0
1.94140520761721 1 0 0 0
1.71783435507677 1 0 0 0
1.90192824811675 1 0 0 0
1.68098384165205 1 0 0 0
1.63193084881641 1 0 0 0
1.58390785509255 1 0 0 0
1.49164721369743 1 0 0 0
1.37413608899806 1 0 0 0
1.24157838581596 1 0 0 0
1.10112044785637 1 0 0 0
0.997284078039229 1 0 0 0
0.991025211988017 1 0 0 0
0.956275936914608 1 0 0 0
0.917434124858119 1 0 0 0
0.933233364776243 1 0 0 0
0.955286974203773 1 0 0 0
0.969865548540838 1 0 0 0
0.969090717262588 1 0 0 0
0.896389850822743 1 0 0 0
0.961765021202154 1 0 0 0
0.920302423764952 1 0 0 0
0.970031818724237 1 0 0 0
0.997697592538316 1 0 0 0
1.19981251191348 1 0 0 0
1.48855289444327 1 0 0 0
1.10305983980652 1 0 0 0
1.07709385883936 1 0 0 0
1.19420682312921 1 0 0 0
2.32509261695668 1 0 0 0
2.53861557575874 1 0 0 0
3.50755688850768 1 0 0 0
4.48942382354289 1 0 0 0
6.01072888821363 1 0 0 0
9.26365668419749 1 0 0 0
13.1937311962247 1 0 0 0
15.2447791770101 1 0 0 0
18.2278205174953 1 0 0 0
18.8025201205164 1 0 0 0
18.0899519473314 1 0 0 0
17.4275033641607 1 0 0 0
16.8111189268529 1 0 0 0
16.7732527479529 1 0 0 0
16.3415004499257 1 0 0 0
14.5232090726495 1 0 0 0
12.1093778871 1 0 0 0
10.729071451351 1 0 0 0
7.74120015557855 1 0 0 0
6.12719845958054 1 0 0 0
3.94028658047318 1 0 0 0
2.685489196665 1 0 0 0
2.07651809614617 1 0 0 0
0.889284019649494 1 0 0 0
0.613085387158208 1 0 0 0
0.463672793557635 1 0 0 0
1.09811156289652 1 0 0 0
2.9359300096985 1 0 0 0
6.3708188245073 1 0 0 0
13.6199670378119 1 0 0 0
19.3527694791555 1 0 0 0
20.8001136779785 1 0 0 0
18.7493923585862 1 0 0 0
14.9746364913881 1 0 0 0
11.5016626659781 1 0 0 0
9.92895325180143 1 0 0 0
9.01289226021618 1 0 0 0
8.37695703376085 1 0 0 0
8.62370675895363 1 0 0 0
8.55513848364353 1 0 0 0
7.67641118727624 1 0 0 0
6.27261202316731 1 0 0 0
4.72206459380686 1 0 0 0
3.87429737020284 1 0 0 0
3.77488572848961 1 0 0 0
3.05264501366764 1 0 0 0
3.3616095315665 1 0 0 0
2.97031248919666 1 0 0 0
3.03314684424549 1 0 0 0
2.89886308019049 1 0 0 0
2.67415452981368 1 0 0 0
2.13765978696756 1 0 0 0
2.06163560505956 1 0 0 0
1.65109953377396 1 0 0 0
1.35610841971356 1 0 0 0
1.17270128976088 1 0 0 0
0.74112878064625 1 0 0 0
0.420241296524182 1 0 0 0
0.254829228651943 1 0 0 0
0.281978886050638 1 0 0 0
0.324505141179543 1 0 0 0
0.256975741649512 1 0 0 0
0.368961362255504 1 0 0 0
0.258830144048261 1 0 0 0
0.226439767175179 1 0 0 0
0.254087015491677 1 0 0 0
0.259559285041178 1 0 0 0
0.258474279689835 1 0 0 0
0.382118676498067 1 0 0 0
0.460479062894592 1 0 0 0
0.51139212155249 1 0 0 0
0.64136535365833 0 1 0 0
0.778828936745413 0 0 0 0
0.864694084157236 0 0 0 0
1.09013135079294 0 0 0 0
1.23732857173309 0 0 0 0
1.3086334511172 0 0 0 0
1.48698565317318 0 0 1 0
1.80750727304257 0 0 1 0
2.04811888397671 0 0 1 0
2.32078821863979 0 0 0 0
2.73941428167745 0 0 0 0
2.94629333075136 0 0 0 0
3.48415289772674 0 0 0 0
3.58997704461217 0 0 0 0
3.94281157059595 0 0 0 0
4.04801848344505 0 0 0 0
4.29459603037685 0 0 0 0
3.95275984192267 0 0 0 0
4.16903157019988 0 0 0 0
4.0705373394303 0 0 0 0
4.58409968996421 0 0 0 0
4.16687858523801 0 0 0 0
4.97854920104146 0 0 0 0
5.1233590929769 0 0 0 0
5.76637353515252 0 0 0 0
7.82625062856823 0 0 0 0
10.3596141561866 0 0 0 0
11.339200544171 0 0 0 0
10.4391856584698 0 0 0 0
9.17190196923912 0 0 0 0
7.71009270101786 0 0 0 0
6.03151088580489 0 0 0 0
5.04365772940218 0 0 0 0
3.9813487092033 0 0 0 0
3.25355300446972 0 0 0 0
2.2216098732315 0 0 0 0
1.76615727832541 0 0 0 0
1.53100790339522 0 0 0 0
1.13669127313187 0 0 0 0
0.762569259677548 0 0 0 1
0.609996590355877 0 0 0 1
0.414639249356696 0 0 0 1
0.387422882340616 0 0 0 1
0.438375776866451 0 0 0 1
0.365775772706911 0 0 0 1
0.365256099030375 0 0 0 1
0.481999065868877 0 0 0 1
0.506304651935352 0 0 0 1
0.597936934354948 0 0 0 1
0.635995435004588 0 0 0 1
0.693608773872256 0 0 0 1
0.674056012940127 0 0 0 1
0.620409144175937 0 0 0 1
0.552207184227882 0 0 0 1
0.52192770090187 0 0 0 1
0.478418258353486 0 0 0 1
0.444742530817166 0 0 0 1
0.355219655830297 0 0 0 1
0.41515737757436 0 0 0 1
0.345101350831101 0 0 0 1
0.351133017829852 0 0 0 1
0.328084544889862 0 0 0 1
0.421026394178625 0 0 0 1
0.39678546727373 0 0 0 1
0.460789887256396 0 0 0 1
0.641158068901859 0 0 0 1
0.51181169328629 0 0 0 1
1.01209399872459 0 0 0 1
1.02048004919197 0 0 0 1
1.5759015805088 0 0 0 1
1.63477734895423 0 0 0 1
0 1 0 0 0
0 1 0 0 0
0 1 0 0 0
0 1 0 0 0
0 1 0 0 0
0 1 0 0 0
0 1 0 0 0
0 1 0 0 0
0 1 0 0 0
0 1 0 0 0
0 1 0 0 0
0 1 0 0 0
0 1 0 0 0
0 1 0 0 0
0 1 0 0 0
0 1 0 0 0
0 1 0 0 0
0 1 0 0 0
0 1 0 0 0
0 1 0 0 0
0 1 0 0 0
0 1 0 0 0
0 1 0 0 0
0 1 0 0 0
0 1 0 0 0
0 1 0 0 0
0 1 0 0 0
0 1 0 0 0
0 1 0 0 0
0 1 0 0 0
0 1 0 0 0
0 1 0 0 0
0 1 0 0 0
0 1 0 0 0
0 1 0 0 0
0 1 0 0 0
0 1 0 0 0
0 1 0 0 0
0 1 0 0 0
0 1 0 0 0
0 1 0 0 0
0 1 0 0 0
0 1 0 0 0
0.0896888350325753 1 0 0 0
0.0561810629733372 1 0 0 0
0.135371970827691 1 0 0 0
0.308440903609153 1 0 0 0
0.239273715124 1 0 0 0
0.188712077033415 1 0 0 0
0 1 0 0 0
0 1 0 0 0
0 1 0 0 0
0 1 0 0 0
0 1 0 0 0
0 1 0 0 0
0 1 0 0 0
0 1 0 0 0
0 1 0 0 0
0 1 0 0 0
0 1 0 0 0
0 1 0 0 0
0 1 0 0 0
0 1 0 0 0
0 1 0 0 0
0 1 0 0 0
0 1 0 0 0
0 1 0 0 0
0 1 0 0 0
0 1 0 0 0
0 1 0 0 0
0 1 0 0 0
0 1 0 0 0
0 1 0 0 0
0 1 0 0 0
0 1 0 0 0
0 1 0 0 0
0 1 0 0 0
0 1 0 0 0
0 1 0 0 0
0 1 0 0 0
0 1 0 0 0
0 1 0 0 0
0 1 0 0 0
0 1 0 0 0
0 1 0 0 0
0 1 0 0 0
0 1 0 0 0
0 1 0 0 0
0 1 0 0 0
0 1 0 0 0
0 1 0 0 0
0 1 0 0 0
0 1 0 0 0
0 1 0 0 0
0 1 0 0 0
0 1 0 0 0
0 1 0 0 0
0 1 0 0 0
0 1 0 0 0
0 1 0 0 0
0 1 0 0 0
0 1 0 0 0
0 1 0 0 0
0 1 0 0 0
0 1 0 0 0
0 1 0 0 0
0 1 0 0 0
0 1 0 0 0
0 1 0 0 0
0 1 0 0 0
0 1 0 0 0
0 1 0 0 0
0 1 0 0 0
0 1 0 0 0
0 1 0 0 0
0 1 0 0 0
0 1 0 0 0
0 1 0 0 0
0 1 0 0 0
0 1 0 0 0
0 1 0 0 0
0 1 0 0 0
0 1 0 0 0
0 1 0 0 0
0 1 0 0 0
0 0 1 0 0
0 0 0 0 0
0 0 0 0 0
0 0 0 0 0
0 0 0 1 0
0 0 0 1 0
0 0 0 1 0
0 0 0 0 0
0 0 0 0 0
0 0 0 0 0
0 0 0 0 0
0 0 0 0 0
0 0 0 0 0
0 0 0 0 0
0 0 0 0 0
0 0 0 0 0
0 0 0 0 0
0 0 0 0 0
0 0 0 0 0
0 0 0 0 0
0 0 0 0 0
0 0 0 0 0
0 0 0 0 0
0 0 0 0 0
0 0 0 0 0
0 0 0 0 0
0 0 0 0 0
0 0 0 0 0
0 0 0 0 0
0 0 0 0 0
0 0 0 0 0
0 0 0 0 0
0 0 0 0 0
0.146451731325214 0 0 0 0
0.132982152763361 0 0 0 0
0.150298511016445 0 0 0 0
0.0462246593997406 0 0 0 0
0 0 0 0 1
0 0 0 0 1
0 0 0 0 1
0 0 0 0 1
0 0 0 0 1
0 0 0 0 1
0 0 0 0 1
0 0 0 0 1
0 0 0 0 1
0 0 0 0 1
0 0 0 0 1
0 0 0 0 1
0 0 0 0 1
0 0 0 0 1
0 0 0 0 1
0 0 0 0 1
0 0 0 0 1
0 0 0 0 1
0 0 0 0 1
0 0 0 0 1
0 0 0 0 1
0 0 0 0 1
0 0 0 0 1
0 0 0 0 1
0 0 0 0 1
0 0 0 0 1
0 0 0 0 1
0 0 0 0 1
0 0 0 0 1
0 0 0 0 1
0 0 0 0 1
0 0 0 0 1
0 1 0 0 0
0 1 0 0 0
0 1 0 0 0
0 1 0 0 0
0 1 0 0 0
0 1 0 0 0
0 1 0 0 0
0 1 0 0 0
0 1 0 0 0
0 1 0 0 0
0 1 0 0 0
0 1 0 0 0
0 1 0 0 0
0 1 0 0 0
0 1 0 0 0
0 1 0 0 0
0 1 0 0 0
0.0213329685720964 1 0 0 0
0 1 0 0 0
0.114665503133438 1 0 0 0
0 1 0 0 0
0 1 0 0 0
0.0191349099623039 1 0 0 0
0.0257080400842824 1 0 0 0
0 1 0 0 0
0 1 0 0 0
0 1 0 0 0
0 1 0 0 0
0 1 0 0 0
0 1 0 0 0
0 1 0 0 0
0 1 0 0 0
0 1 0 0 0
0 1 0 0 0
0 1 0 0 0
0 1 0 0 0
0 1 0 0 0
0 1 0 0 0
0 1 0 0 0
0 1 0 0 0
0 1 0 0 0
0 1 0 0 0
0 1 0 0 0
0 1 0 0 0
0 1 0 0 0
0 1 0 0 0
0 1 0 0 0
0 1 0 0 0
0 1 0 0 0
0 1 0 0 0
0 1 0 0 0
0 1 0 0 0
0 1 0 0 0
0 1 0 0 0
0 1 0 0 0
0 1 0 0 0
0 1 0 0 0
0 1 0 0 0
0 1 0 0 0
0 1 0 0 0
0 1 0 0 0
0 1 0 0 0
0 1 0 0 0
0 1 0 0 0
0 1 0 0 0
0 1 0 0 0
0 1 0 0 0
0 1 0 0 0
0 1 0 0 0
0 1 0 0 0
0 1 0 0 0
0 1 0 0 0
0 1 0 0 0
0 1 0 0 0
0 1 0 0 0
0 1 0 0 0
0 1 0 0 0
0 1 0 0 0
0 1 0 0 0
0 1 0 0 0
0 1 0 0 0
0 1 0 0 0
0 1 0 0 0
0 1 0 0 0
0 1 0 0 0
0 1 0 0 0
0 1 0 0 0
0 1 0 0 0
0 1 0 0 0
0 1 0 0 0
0 1 0 0 0
0 1 0 0 0
0 1 0 0 0
0 1 0 0 0
0 1 0 0 0
0 1 0 0 0
0 1 0 0 0
0 1 0 0 0
0 1 0 0 0
0 1 0 0 0
0 1 0 0 0
0 1 0 0 0
0 1 0 0 0
0 1 0 0 0
0 1 0 0 0
0 1 0 0 0
0 1 0 0 0
0 1 0 0 0
0 1 0 0 0
0 1 0 0 0
0 1 0 0 0
0 1 0 0 0
0 1 0 0 0
0 1 0 0 0
0 1 0 0 0
0 1 0 0 0
0 1 0 0 0
0 1 0 0 0
0 1 0 0 0
0 1 0 0 0
0 1 0 0 0
0 1 0 0 0
0 1 0 0 0
0 1 0 0 0
0 1 0 0 0
0 0 1 0 0
0 0 0 0 0
0 0 0 0 0
0 0 0 1 0
0 0 0 1 0
0 0 0 1 0
0 0 0 1 0
0 0 0 0 0
0 0 0 0 0
0 0 0 0 0
0 0 0 0 0
0 0 0 0 0
0 0 0 0 0
0 0 0 0 0
0 0 0 0 0
0 0 0 0 0
0 0 0 0 0
0 0 0 0 0
0 0 0 0 0
0 0 0 0 0
0 0 0 0 0
0 0 0 0 0
0 0 0 0 0
0 0 0 0 0
0 0 0 0 0
0 0 0 0 0
0 0 0 0 0
0 0 0 0 0
0 0 0 0 0
0 0 0 0 0
0 0 0 0 0
0 0 0 0 0
0 0 0 0 0
0 0 0 0 0
0 0 0 0 0
0 0 0 0 0
0 0 0 0 0
0 0 0 0 1
0 0 0 0 1
0 0 0 0 1
0 0 0 0 1
0 0 0 0 1
0 0 0 0 1
0 0 0 0 1
0 0 0 0 1
0 0 0 0 1
0 0 0 0 1
0 0 0 0 1
0 0 0 0 1
0 0 0 0 1
0 0 0 0 1
0 0 0 0 1
0 0 0 0 1
0 0 0 0 1
0 0 0 0 1
0 0 0 0 1
0 0 0 0 1
0 0 0 0 1
0 0 0 0 1
0 0 0 0 1
0 0 0 0 1
0 0 0 0 1
0 0 0 0 1
0 0 0 0 1
0 0 0 0 1
0 0 0 0 1
0 0 0 0 1
0 0 0 0 1
0 0 0 0 1
0 1 0 0 0
0 1 0 0 0
0 1 0 0 0
0 1 0 0 0
0 1 0 0 0
0 1 0 0 0
0 1 0 0 0
0 1 0 0 0
0 1 0 0 0
0 1 0 0 0
0 1 0 0 0
0 1 0 0 0
0 1 0 0 0
0 1 0 0 0
0 1 0 0 0
0 1 0 0 0
0 1 0 0 0
0 1 0 0 0
0 1 0 0 0
0 1 0 0 0
0 1 0 0 0
0 1 0 0 0
0 1 0 0 0
0 1 0 0 0
0 1 0 0 0
0 1 0 0 0
0 1 0 0 0
0 1 0 0 0
0 1 0 0 0
0 1 0 0 0
0 1 0 0 0
0 1 0 0 0
0 1 0 0 0
0 1 0 0 0
0 1 0 0 0
0 1 0 0 0
0 1 0 0 0
0 1 0 0 0
0 1 0 0 0
0 1 0 0 0
0 1 0 0 0
0 1 0 0 0
0 1 0 0 0
0 1 0 0 0
0 1 0 0 0
0 1 0 0 0
0 1 0 0 0
0 1 0 0 0
0 1 0 0 0
0 1 0 0 0
0 1 0 0 0
0 1 0 0 0
0 1 0 0 0
0 1 0 0 0
0 1 0 0 0
0 1 0 0 0
0 1 0 0 0
0 1 0 0 0
0 1 0 0 0
0 1 0 0 0
0 1 0 0 0
0 1 0 0 0
0 1 0 0 0
0 1 0 0 0
0 1 0 0 0
0 1 0 0 0
0 1 0 0 0
0 1 0 0 0
0 1 0 0 0
0 1 0 0 0
0 1 0 0 0
0 1 0 0 0
0 1 0 0 0
0 1 0 0 0
0 1 0 0 0
0 1 0 0 0
0 1 0 0 0
0 1 0 0 0
0 1 0 0 0
0 1 0 0 0
0 1 0 0 0
0 1 0 0 0
0 1 0 0 0
0 1 0 0 0
0 1 0 0 0
0.00112215138869942 1 0 0 0
0 1 0 0 0
0 1 0 0 0
0.0438106231683832 1 0 0 0
0 1 0 0 0
0.0576736365474062 1 0 0 0
0.0600955863774288 1 0 0 0
0.265866618065047 1 0 0 0
0 1 0 0 0
0 1 0 0 0
0 1 0 0 0
0 1 0 0 0
0 1 0 0 0
0 1 0 0 0
0 1 0 0 0
0 1 0 0 0
0 1 0 0 0
0 1 0 0 0
0 1 0 0 0
0 1 0 0 0
0 1 0 0 0
0 1 0 0 0
0 1 0 0 0
0 1 0 0 0
0 1 0 0 0
0 1 0 0 0
0 1 0 0 0
0 1 0 0 0
0 1 0 0 0
0 1 0 0 0
0 1 0 0 0
0 1 0 0 0
0 1 0 0 0
0 1 0 0 0
0 1 0 0 0
0 1 0 0 0
0 1 0 0 0
0 1 0 0 0
0 1 0 0 0
0 1 0 0 0
0 0 1 0 0
0 0 0 0 0
0 0 0 0 0
0 0 0 1 0
0 0 0 1 0
0 0 0 1 0
0 0 0 1 0
0 0 0 0 0
0 0 0 0 0
0 0 0 0 0
0.0764459138622442 0 0 0 0
0 0 0 0 0
0 0 0 0 0
0 0 0 0 0
0 0 0 0 0
0 0 0 0 0
0 0 0 0 0
0 0 0 0 0
0 0 0 0 0
0 0 0 0 0
0 0 0 0 0
0 0 0 0 0
0 0 0 0 0
0 0 0 0 0
0 0 0 0 0
0 0 0 0 0
0 0 0 0 0
0 0 0 0 0
0 0 0 0 0
0 0 0 0 0
0 0 0 0 0
0 0 0 0 0
0 0 0 0 0
0 0 0 0 0
0 0 0 0 0
0 0 0 0 0
0 0 0 0 0
0 0 0 0 1
0 0 0 0 1
0 0 0 0 1
0 0 0 0 1
0 0 0 0 1
0 0 0 0 1
0 0 0 0 1
0 0 0 0 1
0 0 0 0 1
0 0 0 0 1
0 0 0 0 1
0 0 0 0 1
0 0 0 0 1
0 0 0 0 1
0 0 0 0 1
0 0 0 0 1
0 0 0 0 1
0 0 0 0 1
0 0 0 0 1
0 0 0 0 1
0 0 0 0 1
0 0 0 0 1
0 0 0 0 1
0 0 0 0 1
0 0 0 0 1
0 0 0 0 1
0 0 0 0 1
0 0 0 0 1
0 0 0 0 1
0 0 0 0 1
0 0 0 0 1
0 0 0 0 1
0 1 0 0 0
0.0487731786051881 1 0 0 0
0.11813039509434 1 0 0 0
0.133900994114811 1 0 0 0
0.42284163464501 1 0 0 0
0.354314826836344 1 0 0 0
0.502515613334253 1 0 0 0
0.453986271168105 1 0 0 0
0.440244002675172 1 0 0 0
0.282131837593624 1 0 0 0
0.36095845644013 1 0 0 0
0.329856346070301 1 0 0 0
0.246254078774655 1 0 0 0
0.305480349879872 1 0 0 0
0.273922638371005 1 0 0 0
0.233545437367866 1 0 0 0
0 1 0 0 0
0.176379897993684 1 0 0 0
0.27564876654651 1 0 0 0
0.0708866368768213 1 0 0 0
0 1 0 0 0
0.319246457365807 1 0 0 0
0.563696163226268 1 0 0 0
0.882875763636548 1 0 0 0
1.01986943991506 1 0 0 0
2.16241145972162 1 0 0 0
4.14681131951511 1 0 0 0
7.04976893030107 1 0 0 0
8.8124027242884 1 0 0 0
10.7445215107873 1 0 0 0
10.3334963787347 1 0 0 0
9.27011109888554 1 0 0 0
8.27067974023521 1 0 0 0
7.13682186324149 1 0 0 0
6.00735505577177 1 0 0 0
5.99074061028659 1 0 0 0
6.0938514652662 1 0 0 0
6.71586045064032 1 0 0 0
8.17615585401654 1 0 0 0
10.2968045976013 1 0 0 0
11.6634697187692 1 0 0 0
11.506145936437 1 0 0 0
10.4989598039538 1 0 0 0
9.74722928367555 1 0 0 0
8.14049679320306 1 0 0 0
7.93078017886728 1 0 0 0
7.43353797588497 1 0 0 0
7.3500107973814 1 0 0 0
8.16565274726599 1 0 0 0
9.50624723918736 1 0 0 0
10.0912844063714 1 0 0 0
11.9649874977767 1 0 0 0
13.6488783173263 1 0 0 0
14.9407545104623 1 0 0 0
17.0281801838428 1 0 0 0
17.5553217995912 1 0 0 0
18.0281512439251 1 0 0 0
17.6344658248127 1 0 0 0
17.1034624800086 1 0 0 0
16.0271301865578 1 0 0 0
15.0214822497219 1 0 0 0
14.3822031095624 1 0 0 0
14.4849682692438 1 0 0 0
14.0367858111858 1 0 0 0
14.8620547261089 1 0 0 0
15.4428514651954 1 0 0 0
14.603286748752 1 0 0 0
13.4621581528336 1 0 0 0
10.5518881464377 1 0 0 0
9.55112150404602 1 0 0 0
8.06269166059792 1 0 0 0
8.00792197696865 1 0 0 0
8.53301957249641 1 0 0 0
9.43266495596617 1 0 0 0
10.2063604863361 1 0 0 0
10.567607358098 1 0 0 0
10.6617687270045 1 0 0 0
10.8532964950427 1 0 0 0
9.72782832104713 1 0 0 0
8.38127837050706 1 0 0 0
6.63051049923524 1 0 0 0
6.12047658069059 1 0 0 0
5.34740084549412 1 0 0 0
4.56189300166443 1 0 0 0
3.95675387699157 1 0 0 0
3.70039010886103 1 0 0 0
3.0106893973425 1 0 0 0
2.63884157175198 1 0 0 0
2.64454880380072 1 0 0 0
2.90897907689214 1 0 0 0
3.53673819336109 1 0 0 0
3.64867527969182 1 0 0 0
4.68633347190917 1 0 0 0
4.54144092509523 1 0 0 0
5.7037893566303 1 0 0 0
8.81531205959618 1 0 0 0
11.6343649569899 1 0 0 0
15.7692320644855 1 0 0 0
17.5182798411697 1 0 0 0
18.1017015129328 1 0 0 0
16.0917825996876 1 0 0 0
13.1848037708551 1 0 0 0
10.1896309060976 1 0 0 0
8.29201855231076 1 0 0 0
6.51914719492197 1 0 0 0
5.07510331226513 1 0 0 0
4.15017129853368 1 0 0 0
2.91950305108912 1 0 0 0
2.59432330494747 1 0 0 0
2.09913222352043 1 0 0 0
2.0619592978619 1 0 0 0
2.00689552002586 1 0 0 0
2.08015841781162 1 0 0 0
2.57803662680089 1 0 0 0
2.90396608761512 1 0 0 0
3.24063960579224 1 0 0 0
3.76563769532368 1 0 0 0
3.70022526476532 1 0 0 0
3.71997483307496 1 0 0 0
3.26243496965617 1 0 0 0
3.23963988921605 1 0 0 0
2.83588765887544 1 0 0 0
2.45833781082183 1 0 0 0
2.03307063202374 1 0 0 0
1.90372666111216 1 0 0 0
1.68452927027829 0 1 0 0
1.8385726143606 0 0 0 0
1.71909111668356 0 0 0 0
1.65008341718931 0 0 0 0
1.68920354917645 0 0 0 0
1.79441011277959 0 0 0 0
1.94475654279813 0 0 1 0
1.90083240886452 0 0 1 0
2.08183776703663 0 0 0 0
2.08855549863074 0 0 0 0
2.44835257763043 0 0 0 0
2.31013583834283 0 0 0 0
2.41195938724559 0 0 0 0
2.44354785536416 0 0 0 0
2.46720484574325 0 0 0 0
2.10222208988853 0 0 0 0
2.14437092654407 0 0 0 0
1.69665973226074 0 0 0 0
1.64361126371659 0 0 0 0
1.36749105877243 0 0 0 0
1.35045785282273 0 0 0 0
1.30272883689031 0 0 0 0
1.41125191294122 0 0 0 0
1.49084474833217 0 0 0 0
1.57978330389597 0 0 0 0
1.6590328887105 0 0 0 0
1.70370971318334 0 0 0 0
1.63261599664111 0 0 0 0
1.65126762294676 0 0 0 0
1.52077458915301 0 0 0 0
1.52126300963573 0 0 0 0
1.16770333261229 0 0 0 0
1.31749977299478 0 0 0 0
1.31331849843264 0 0 0 0
1.34027037711348 0 0 0 0
1.39348376251291 0 0 0 0
1.43530212517362 0 0 0 0
1.43653427949175 0 0 0 0
1.57197374210227 0 0 0 1
1.6083151276689 0 0 0 1
1.45642059214879 0 0 0 1
1.68702838709578 0 0 0 1
1.34425042779185 0 0 0 1
1.34280241036322 0 0 0 1
1.29569102136884 0 0 0 1
1.40909900073893 0 0 0 1
1.65497642592527 0 0 0 1
1.96047165081836 0 0 0 1
2.31967135914601 0 0 0 1
2.90216965368018 0 0 0 1
3.45415656920522 0 0 0 1
3.89218475902453 0 0 0 1
4.22168168006465 0 0 0 1
3.83566529490054 0 0 0 1
3.49201238714159 0 0 0 1
2.90722085628659 0 0 0 1
2.49574429471977 0 0 0 1
2.10567406611517 0 0 0 1
1.90963814384304 0 0 0 1
1.37629947857931 0 0 0 1
1.30025134421885 0 0 0 1
1.06960377888754 0 0 0 1
1.13958507427014 0 0 0 1
1.07806197775062 0 0 0 1
1.29783907323144 0 0 0 1
1.0147897846764 0 0 0 1
1.02081162913237 0 0 0 1
0.799188019300345 0 0 0 1
1.00650702370331 0 0 0 1
0.892085663508624 0 0 0 1
15.3401193674654 1 0 0 0
13.8667260762304 1 0 0 0
13.5559535119683 1 0 0 0
12.5757385976613 1 0 0 0
12.3393794056028 1 0 0 0
11.5558649413288 1 0 0 0
12.0205730199814 1 0 0 0
11.4891765406355 1 0 0 0
11.3893183879554 1 0 0 0
11.6894715465605 1 0 0 0
11.4783917088062 1 0 0 0
11.8144408334047 1 0 0 0
11.1553356982768 1 0 0 0
11.683891993016 1 0 0 0
12.3407205101103 1 0 0 0
12.5012896023691 1 0 0 0
12.4019330833107 1 0 0 0
12.1757644228637 1 0 0 0
12.9073977004737 1 0 0 0
14.2833113204688 1 0 0 0
13.8507466763258 1 0 0 0
15.511788893491 1 0 0 0
15.7210570760071 1 0 0 0
17.1770271845162 1 0 0 0
17.4662962090224 1 0 0 0
16.6390591766685 1 0 0 0
15.5189246870577 1 0 0 0
13.5906583163887 1 0 0 0
11.3808837486431 1 0 0 0
10.8990389853716 1 0 0 0
11.0496674897149 1 0 0 0
11.9574395939708 1 0 0 0
12.9405339248478 1 0 0 0
14.57833009772 1 0 0 0
16.032105544582 1 0 0 0
14.9880067910999 1 0 0 0
12.9990496207029 1 0 0 0
11.2640511943027 1 0 0 0
8.81623558234423 1 0 0 0
7.5728528900072 1 0 0 0
6.25921250320971 1 0 0 0
6.52471429202706 1 0 0 0
6.24184811022133 1 0 0 0
6.66078552603722 1 0 0 0
6.93548587150872 1 0 0 0
7.63477326836437 1 0 0 0
8.2649391843006 1 0 0 0
8.48872005008161 1 0 0 0
9.16001782752573 1 0 0 0
8.48457776010036 1 0 0 0
8.84037476498634 1 0 0 0
9.53874900005758 1 0 0 0
9.74334101192653 1 0 0 0
9.86146461218596 1 0 0 0
10.6204238254577 1 0 0 0
11.7580008227378 1 0 0 0
11.7291389033198 1 0 0 0
13.2939182221889 1 0 0 0
13.9103857800364 1 0 0 0
15.7835693098605 1 0 0 0
14.9393319152296 1 0 0 0
13.4038107935339 1 0 0 0
10.7276316266507 1 0 0 0
8.47483100369573 1 0 0 0
6.8851143005304 1 0 0 0
6.00081449374557 1 0 0 0
5.65314677078277 1 0 0 0
5.07948821177706 1 0 0 0
4.08060033805668 1 0 0 0
3.31180094508454 1 0 0 0
2.62053366168402 1 0 0 0
2.5506928213872 1 0 0 0
1.88796783913858 1 0 0 0
2.12561950320378 1 0 0 0
2.30867258505896 1 0 0 0
2.76186675182544 1 0 0 0
3.83535615401343 1 0 0 0
5.09865750791505 1 0 0 0
7.07459624391049 1 0 0 0
8.84634663816541 1 0 0 0
10.668478324078 1 0 0 0
12.8988809883595 1 0 0 0
14.3563048914075 1 0 0 0
14.5224495790899 1 0 0 0
16.7554554063827 1 0 0 0
16.3259240798652 1 0 0 0
17.5396946724504 1 0 0 0
17.8549741394818 1 0 0 0
16.8921437580138 1 0 0 0
14.3377671483904 1 0 0 0
13.2283044513315 1 0 0 0
11.3623449578881 1 0 0 0
9.62128664832562 1 0 0 0
9.57842264324427 1 0 0 0
9.59086930379272 1 0 0 0
9.27805167157203 1 0 0 0
8.93835001625121 1 0 0 0
8.36807454470545 1 0 0 0
7.79146677814424 1 0 0 0
7.5064956326969 1 0 0 0
7.28772429283708 1 0 0 0
7.30987905990332 1 0 0 0
6.60184799926355 1 0 0 0
5.62079751398414 1 0 0 0
4.72423573955894 1 0 0 0
4.18901490047574 1 0 0 0
3.64261376671493 1 0 0 0
3.92324104905128 1 0 0 0
3.43098858138546 1 0 0 0
3.34552355343476 1 0 0 0
3.33475988009013 1 0 0 0
3.81734201801009 1 0 0 0
3.81674483651295 1 0 0 0
4.45302471052855 1 0 0 0
5.35567739279941 1 0 0 0
6.37003523297608 1 0 0 0
6.875661900267 1 0 0 0
7.69380386918783 1 0 0 0
7.01643479987979 1 0 0 0
6.98726146947592 1 0 0 0
6.26478740014136 1 0 0 0
6.11731456592679 1 0 0 0
5.39093790575862 1 0 0 0
5.27220376534387 1 0 0 0
4.52543667051941 1 0 0 0
4.38673468306661 0 1 0 0
4.61651908699423 0 0 0 0
3.84445278905332 0 0 0 0
3.92201507929713 0 0 0 0
3.53965390240774 0 0 0 0
3.57199320569634 0 0 0 0
3.78319367882796 0 0 0 0
4.06923564150929 0 0 0 0
3.98258049972355 0 0 0 0
5.11002499843016 0 0 1 0
5.46958134509623 0 0 1 0
6.54373457655311 0 0 1 0
7.26441841106862 0 0 1 0
8.2525962498039 0 0 0 0
8.48465622402728 0 0 0 0
9.46062512230128 0 0 0 0
8.69962584692985 0 0 0 0
8.58517910819501 0 0 0 0
7.22243578638881 0 0 0 0
6.97003770619631 0 0 0 0
5.91146451188251 0 0 0 0
5.92558982316405 0 0 0 0
5.04491571336985 0 0 0 0
4.81188995763659 0 0 0 0
4.54806495690718 0 0 0 0
4.20779187697917 0 0 0 0
4.08776383846998 0 0 0 0
4.24326641950756 0 0 0 0
4.01565275387838 0 0 0 0
3.74941050540656 0 0 0 0
3.27717588515952 0 0 0 0
2.9054539045319 0 0 0 0
2.64131254516542 0 0 0 0
2.91542091872543 0 0 0 0
2.16465900302865 0 0 0 0
2.1298848441802 0 0 0 0
1.9030497642234 0 0 0 0
1.92952540237457 0 0 0 0
1.93165273230989 0 0 0 0
2.24446272477508 0 0 0 0
2.58586468407884 0 0 0 0
2.59340929915197 0 0 0 0
2.96545820310712 0 0 0 0
2.81052282662131 0 0 0 1
3.15820131800137 0 0 0 1
2.91469926014543 0 0 0 1
3.26499436050653 0 0 0 1
3.37027868954465 0 0 0 1
3.39279870968312 0 0 0 1
3.5664809984155 0 0 0 1
3.66948777809739 0 0 0 1
4.17538598412648 0 0 0 1
3.86265141423792 0 0 0 1
3.98800458060578 0 0 0 1
3.68194980546832 0 0 0 1
3.38778144214302 0 0 0 1
2.58284946903586 0 0 0 1
2.15554286842234 0 0 0 1
2.00648457393982 0 0 0 1
1.62689172429964 0 0 0 1
1.34182402325678 0 0 0 1
1.18230116640916 0 0 0 1
1.30355911096558 0 0 0 1
1.21790292905644 0 0 0 1
1.26635300694034 0 0 0 1
1.20953604346141 0 0 0 1
1.33017562620807 0 0 0 1
1.25463738368126 0 0 0 1
1.37660290056374 0 0 0 1
1.59769228775986 0 0 0 1
1.7078677774407 0 0 0 1
1.81036881986074 0 0 0 1
2.30058739543892 0 0 0 1
3.02326888777316 0 0 0 1
3.34750395268202 0 0 0 1
0 1 0 0 0
0 1 0 0 0
0 1 0 0 0
0.000619514707977942 1 0 0 0
0 1 0 0 0
0.076521934261109 1 0 0 0
0.0803056682343595 1 0 0 0
0.179761785148003 1 0 0 0
0.162248684318911 1 0 0 0
0.190275576642307 1 0 0 0
0.194878690308542 1 0 0 0
0.303151504340349 1 0 0 0
0.231733219152375 1 0 0 0
0.418260457081487 1 0 0 0
0.424597375968006 1 0 0 0
0.724917605111841 1 0 0 0
0.628582434728742 1 0 0 0
0.683577105519362 1 0 0 0
0.551996421563672 1 0 0 0
0.67763369588647 1 0 0 0
0.512656737555517 1 0 0 0
0.374213887880614 1 0 0 0
0.168064238096122 1 0 0 0
0.0991654596873559 1 0 0 0
0.0827486655907705 1 0 0 0
0.0863475215737708 1 0 0 0
0.0457785099570174 1 0 0 0
0.0515693827765062 1 0 0 0
0.127266766867251 1 0 0 0
0.187009338560529 1 0 0 0
0.19125565648892 1 0 0 0
0.310556308249943 1 0 0 0
0.191299389200594 1 0 0 0
0.103357848274754 1 0 0 0
0.0296897715088562 1 0 0 0
0 1 0 0 0
0 1 0 0 0
0 1 0 0 0
0 1 0 0 0
0 1 0 0 0
0 1 0 0 0
0 1 0 0 0
0 1 0 0 0
0 1 0 0 0
0 1 0 0 0
0 1 0 0 0
0 1 0 0 0
0 1 0 0 0
0 1 0 0 0
0 1 0 0 0
0 1 0 0 0
0 1 0 0 0
0 1 0 0 0
0 1 0 0 0
0 1 0 0 0
0 1 0 0 0
0 1 0 0 0
0 1 0 0 0
0 1 0 0 0
0 1 0 0 0
0 1 0 0 0
0 1 0 0 0
0 1 0 0 0
0 1 0 0 0
0 1 0 0 0
0 1 0 0 0
0 1 0 0 0
0 1 0 0 0
0 1 0 0 0
0 1 0 0 0
0 1 0 0 0
0 1 0 0 0
0 1 0 0 0
0 1 0 0 0
0 1 0 0 0
0 1 0 0 0
0 1 0 0 0
0 1 0 0 0
0 1 0 0 0
0 1 0 0 0
0 1 0 0 0
0 1 0 0 0
0 1 0 0 0
0 1 0 0 0
0 1 0 0 0
0 1 0 0 0
0 1 0 0 0
0 1 0 0 0
0 1 0 0 0
0 1 0 0 0
0 1 0 0 0
0 1 0 0 0
0 1 0 0 0
0 1 0 0 0
0 1 0 0 0
0 1 0 0 0
0 1 0 0 0
0 1 0 0 0
0 1 0 0 0
0 1 0 0 0
0 1 0 0 0
0 1 0 0 0
0 1 0 0 0
0 1 0 0 0
0 1 0 0 0
0 1 0 0 0
0 1 0 0 0
0 1 0 0 0
0 1 0 0 0
0 1 0 0 0
0 1 0 0 0
0 1 0 0 0
0 1 0 0 0
0 1 0 0 0
0 1 0 0 0
0 1 0 0 0
0 1 0 0 0
0 1 0 0 0
0 1 0 0 0
0 1 0 0 0
0 1 0 0 0
0 1 0 0 0
0 1 0 0 0
0 1 0 0 0
0 1 0 0 0
0 0 1 0 0
0 0 0 0 0
0 0 0 0 0
0 0 0 0 0
0 0 0 0 0
0 0 0 0 0
0 0 0 0 0
0 0 0 1 0
0 0 0 1 0
0 0 0 1 0
0 0 0 0 0
0 0 0 0 0
0 0 0 0 0
0 0 0 0 0
0 0 0 0 0
0 0 0 0 0
0.0156722990141134 0 0 0 0
0 0 0 0 0
0.109596488982788 0 0 0 0
0 0 0 0 0
0.117298151508294 0 0 0 0
0.00196900055016158 0 0 0 0
0.11238891602261 0 0 0 0
0.0513735712956986 0 0 0 0
0.0357846276983764 0 0 0 0
0.0151745502989797 0 0 0 0
0 0 0 0 0
0 0 0 0 0
0 0 0 0 0
0 0 0 0 0
0 0 0 0 0
0 0 0 0 0
0 0 0 0 0
0 0 0 0 0
0 0 0 0 0
0 0 0 0 0
0 0 0 0 0
0 0 0 0 0
0 0 0 0 0
0 0 0 0 0
0 0 0 0 1
0 0 0 0 1
0 0 0 0 1
0 0 0 0 1
0 0 0 0 1
0 0 0 0 1
0 0 0 0 1
0 0 0 0 1
0 0 0 0 1
0 0 0 0 1
0 0 0 0 1
0 0 0 0 1
0 0 0 0 1
0 0 0 0 1
0 0 0 0 1
0 0 0 0 1
0 0 0 0 1
0 0 0 0 1
0 0 0 0 1
0 0 0 0 1
0 0 0 0 1
0 0 0 0 1
0 0 0 0 1
0 0 0 0 1
0 0 0 0 1
0 0 0 0 1
0 0 0 0 1
0 0 0 0 1
0 0 0 0 1
0 0 0 0 1
0 0 0 0 1
0 0 0 0 1
0 1 0 0 0
0 1 0 0 0
0 1 0 0 0
0 1 0 0 0
0 1 0 0 0
0 1 0 0 0
0 1 0 0 0
0 1 0 0 0
0 1 0 0 0
0 1 0 0 0
0 1 0 0 0
0 1 0 0 0
0 1 0 0 0
0 1 0 0 0
0 1 0 0 0
0 1 0 0 0
0 1 0 0 0
0 1 0 0 0
0 1 0 0 0
0 1 0 0 0
0 1 0 0 0
0 1 0 0 0
0 1 0 0 0
0 1 0 0 0
0 1 0 0 0
0 1 0 0 0
0 1 0 0 0
0.0703342222436731 1 0 0 0
0.0893071246537147 1 0 0 0
0.138089617848891 1 0 0 0
0.164507378656253 1 0 0 0
0.238152459132834 1 0 0 0
0.0286180538751069 1 0 0 0
0 1 0 0 0
0.0428727112193883 1 0 0 0
0 1 0 0 0
0 1 0 0 0
0 1 0 0 0
0 1 0 0 0
0 1 0 0 0
0 1 0 0 0
0 1 0 0 0
0 1 0 0 0
0 1 0 0 0
0 1 0 0 0
0 1 0 0 0
0 1 0 0 0
0 1 0 0 0
0 1 0 0 0
0 1 0 0 0
0 1 0 0 0
0 1 0 0 0
0 1 0 0 0
0 1 0 0 0
0 1 0 0 0
0 1 0 0 0
0 1 0 0 0
0 1 0 0 0
0 1 0 0 0
0 1 0 0 0
0 1 0 0 0
0 1 0 0 0
0 1 0 0 0
0 1 0 0 0
0 1 0 0 0
0 1 0 0 0
0 1 0 0 0
0 1 0 0 0
0 1 0 0 0
0 1 0 0 0
0 1 0 0 0
0 1 0 0 0
0 1 0 0 0
0 1 0 0 0
0 1 0 0 0
0 1 0 0 0
0 1 0 0 0
0 1 0 0 0
0 1 0 0 0
0 1 0 0 0
0 1 0 0 0
0 1 0 0 0
0 1 0 0 0
0 1 0 0 0
0 1 0 0 0
0 1 0 0 0
0 1 0 0 0
0 1 0 0 0
0 1 0 0 0
0 1 0 0 0
0 1 0 0 0
0 1 0 0 0
0 1 0 0 0
0 1 0 0 0
0 1 0 0 0
0 1 0 0 0
0 1 0 0 0
0 1 0 0 0
0 1 0 0 0
0 1 0 0 0
0 1 0 0 0
0 1 0 0 0
0 1 0 0 0
0 1 0 0 0
0 1 0 0 0
0 1 0 0 0
0 1 0 0 0
0 1 0 0 0
0 1 0 0 0
0 1 0 0 0
0 1 0 0 0
0 1 0 0 0
0 1 0 0 0
0 1 0 0 0
0 1 0 0 0
0 1 0 0 0
0 1 0 0 0
0 1 0 0 0
0 1 0 0 0
0 1 0 0 0
0 1 0 0 0
0 1 0 0 0
0 1 0 0 0
0 1 0 0 0
0 1 0 0 0
0 0 1 0 0
0 0 0 0 0
0 0 0 0 0
0 0 0 0 0
0 0 0 0 0
0 0 0 1 0
0 0 0 1 0
0 0 0 1 0
0 0 0 0 0
0 0 0 0 0
0 0 0 0 0
0 0 0 0 0
0 0 0 0 0
0 0 0 0 0
0 0 0 0 0
0 0 0 0 0
0 0 0 0 0
0 0 0 0 0
0 0 0 0 0
0 0 0 0 0
0 0 0 0 0
0 0 0 0 0
0 0 0 0 0
0 0 0 0 0
0 0 0 0 0
0 0 0 0 0
0 0 0 0 0
0 0 0 0 0
0 0 0 0 0
0 0 0 0 0
0 0 0 0 0
0 0 0 0 0
0 0 0 0 0
0 0 0 0 0
0 0 0 0 0
0 0 0 0 0
0 0 0 0 0
0 0 0 0 0
0 0 0 0 1
0 0 0 0 1
0 0 0 0 1
0 0 0 0 1
0 0 0 0 1
0 0 0 0 1
0 0 0 0 1
0 0 0 0 1
0 0 0 0 1
0 0 0 0 1
0 0 0 0 1
0 0 0 0 1
0 0 0 0 1
0 0 0 0 1
0 0 0 0 1
0 0 0 0 1
0 0 0 0 1
0 0 0 0 1
0 0 0 0 1
0 0 0 0 1
0 0 0 0 1
0 0 0 0 1
0 0 0 0 1
0 0 0 0 1
0 0 0 0 1
0 0 0 0 1
0 0 0 0 1
0 0 0 0 1
0 0 0 0 1
0 0 0 0 1
0 0 0 0 1
0 0 0 0 1
0 1 0 0 0
0 1 0 0 0
0 1 0 0 0
0 1 0 0 0
0 1 0 0 0
0 1 0 0 0
0 1 0 0 0
0 1 0 0 0
0 1 0 0 0
0 1 0 0 0
0 1 0 0 0
0 1 0 0 0
0 1 0 0 0
0 1 0 0 0
0 1 0 0 0
0.0937287222768646 1 0 0 0
0.000472785245619889 1 0 0 0
0.0253774705925025 1 0 0 0
0 1 0 0 0
0 1 0 0 0
0 1 0 0 0
0 1 0 0 0
0 1 0 0 0
0 1 0 0 0
0 1 0 0 0
0 1 0 0 0
0 1 0 0 0
0 1 0 0 0
0 1 0 0 0
0 1 0 0 0
0 1 0 0 0
0 1 0 0 0
0 1 0 0 0
0 1 0 0 0
0 1 0 0 0
0 1 0 0 0
0 1 0 0 0
0 1 0 0 0
0 1 0 0 0
0 1 0 0 0
0 1 0 0 0
0 1 0 0 0
0 1 0 0 0
0 1 0 0 0
0 1 0 0 0
0 1 0 0 0
0 1 0 0 0
0 1 0 0 0
0 1 0 0 0
0 1 0 0 0
0 1 0 0 0
0 1 0 0 0
0 1 0 0 0
0 1 0 0 0
0 1 0 0 0
0.0892878988452139 1 0 0 0
0.183099837158807 1 0 0 0
0.229511826546513 1 0 0 0
0.353118266502861 1 0 0 0
0.480711823911406 1 0 0 0
0.429388281190768 1 0 0 0
0.402577874410781 1 0 0 0
0.385233939596219 1 0 0 0
0.321049521517125 1 0 0 0
0.311845775286201 1 0 0 0
0.28406293495209 1 0 0 0
0.202097324290662 1 0 0 0
0.144536133575457 1 0 0 0
0.111791584458842 1 0 0 0
0.285849259626048 1 0 0 0
0.28914557879034 1 0 0 0
0.366475491318852 1 0 0 0
0.224200773658367 1 0 0 0
0.192032618542726 1 0 0 0
0.0175779714481905 1 0 0 0
0.0408039395551896 1 0 0 0
0 1 0 0 0
0 1 0 0 0
0 1 0 0 0
0 1 0 0 0
0 1 0 0 0
0.0155509419528244 1 0 0 0
0.0147954051499255 1 0 0 0
0.054337036999641 1 0 0 0
0.184763732249849 1 0 0 0
0.134694066218799 1 0 0 0
0.163936287208344 1 0 0 0
0 1 0 0 0
0.0698286139595439 1 0 0 0
0 1 0 0 0
0 1 0 0 0
0 1 0 0 0
0 1 0 0 0
0 1 0 0 0
0 1 0 0 0
0 1 0 0 0
0 1 0 0 0
0 1 0 0 0
0 1 0 0 0
0 1 0 0 0
0 1 0 0 0
0 1 0 0 0
0 1 0 0 0
0 1 0 0 0
0 1 0 0 0
0 1 0 0 0
0 1 0 0 0
0 1 0 0 0
0 1 0 0 0
0 1 0 0 0
0 1 0 0 0
0 1 0 0 0
0 1 0 0 0
0 1 0 0 0
0 1 0 0 0
0 1 0 0 0
0 1 0 0 0
0 1 0 0 0
0 1 0 0 0
0 1 0 0 0
0 1 0 0 0
0 1 0 0 0
0 1 0 0 0
0 1 0 0 0
0 1 0 0 0
0 0 1 0 0
0 0 0 0 0
0 0 0 0 0
0 0 0 0 0
0 0 0 0 0
0 0 0 1 0
0 0 0 1 0
0 0 0 0 0
0 0 0 0 0
0 0 0 0 0
0 0 0 0 0
0 0 0 0 0
0 0 0 0 0
0 0 0 0 0
0 0 0 0 0
0 0 0 0 0
0 0 0 0 0
0 0 0 0 0
0 0 0 0 0
0 0 0 0 0
0 0 0 0 0
0 0 0 0 0
0 0 0 0 0
0 0 0 0 0
0 0 0 0 0
0 0 0 0 0
0 0 0 0 0
0 0 0 0 0
0 0 0 0 0
0 0 0 0 0
0 0 0 0 0
0 0 0 0 0
0 0 0 0 0
0 0 0 0 0
0 0 0 0 0
0 0 0 0 0
0 0 0 0 0
0.035590538118413 0 0 0 1
0.0620363276482294 0 0 0 1
0.0789877507259007 0 0 0 1
0.0642644208710408 0 0 0 1
0.116801305921399 0 0 0 1
0.0754774546294357 0 0 0 1
0 0 0 0 1
0 0 0 0 1
0 0 0 0 1
0 0 0 0 1
0 0 0 0 1
0 0 0 0 1
0 0 0 0 1
0 0 0 0 1
0.0731113395886496 0 0 0 1
0.00943187671964552 0 0 0 1
0.150099115842295 0 0 0 1
0.220799360249657 0 0 0 1
0 0 0 0 1
0 0 0 0 1
0.0533231559529668 0 0 0 1
0.393549181353592 0 0 0 1
0.112038102088263 0 0 0 1
0.0418344061472453 0 0 0 1
0.00765631739341188 0 0 0 1
0.364635312507744 0 0 0 1
0.338727060352539 0 0 0 1
0.532367819687352 0 0 0 1
1.37963686756848 0 0 0 1
1.11102565506371 0 0 0 1
0.277390077826567 0 0 0 1
0.227324995648814 0 0 0 1
0 1 0 0 0
0 1 0 0 0
0 1 0 0 0
0 1 0 0 0
0 1 0 0 0
0 1 0 0 0
0 1 0 0 0
0 1 0 0 0
0 1 0 0 0
0 1 0 0 0
0 1 0 0 0
0 1 0 0 0
0 1 0 0 0
0 1 0 0 0
0 1 0 0 0
0 1 0 0 0
0 1 0 0 0
0 1 0 0 0
0 1 0 0 0
0 1 0 0 0
0 1 0 0 0
0 1 0 0 0
0 1 0 0 0
0 1 0 0 0
0 1 0 0 0
0 1 0 0 0
0 1 0 0 0
0 1 0 0 0
0 1 0 0 0
0 1 0 0 0
0 1 0 0 0
0 1 0 0 0
0 1 0 0 0
0 1 0 0 0
0 1 0 0 0
0 1 0 0 0
0 1 0 0 0
0 1 0 0 0
0 1 0 0 0
0 1 0 0 0
0 1 0 0 0
0 1 0 0 0
0 1 0 0 0
0 1 0 0 0
0 1 0 0 0
0 1 0 0 0
0 1 0 0 0
0 1 0 0 0
0 1 0 0 0
0 1 0 0 0
0 1 0 0 0
0 1 0 0 0
0 1 0 0 0
0 1 0 0 0
0 1 0 0 0
0 1 0 0 0
0 1 0 0 0
0 1 0 0 0
0 1 0 0 0
0 1 0 0 0
0 1 0 0 0
0 1 0 0 0
0 1 0 0 0
0 1 0 0 0
0 1 0 0 0
0 1 0 0 0
0 1 0 0 0
0.0138957075250801 1 0 0 0
0 1 0 0 0
0 1 0 0 0
0 1 0 0 0
0 1 0 0 0
0 1 0 0 0
0 1 0 0 0
0 1 0 0 0
0 1 0 0 0
0 1 0 0 0
0 1 0 0 0
0 1 0 0 0
0 1 0 0 0
0 1 0 0 0
0 1 0 0 0
0 1 0 0 0
0 1 0 0 0
0 1 0 0 0
0 1 0 0 0
0 1 0 0 0
0 1 0 0 0
0 1 0 0 0
0 1 0 0 0
0 1 0 0 0
0 1 0 0 0
0 1 0 0 0
0 1 0 0 0
0 1 0 0 0
0 1 0 0 0
0 1 0 0 0
0 1 0 0 0
0 1 0 0 0
0 1 0 0 0
0 1 0 0 0
0 1 0 0 0
0 1 0 0 0
0 1 0 0 0
0 1 0 0 0
0 1 0 0 0
0 1 0 0 0
0 1 0 0 0
0 1 0 0 0
0 1 0 0 0
0 1 0 0 0
0 1 0 0 0
0 1 0 0 0
0 1 0 0 0
0 1 0 0 0
0 1 0 0 0
0 1 0 0 0
0 1 0 0 0
0 1 0 0 0
0 1 0 0 0
0 1 0 0 0
0 1 0 0 0
0 1 0 0 0
0 1 0 0 0
0 1 0 0 0
0 0 1 0 0
0 0 0 0 0
0 0 0 0 0
0 0 0 0 0
0 0 0 0 0
0 0 0 1 0
0 0 0 1 0
0 0 0 1 0
0 0 0 0 0
0 0 0 0 0
0 0 0 0 0
0 0 0 0 0
0 0 0 0 0
0 0 0 0 0
0 0 0 0 0
0 0 0 0 0
0 0 0 0 0
0 0 0 0 0
0 0 0 0 0
0 0 0 0 0
0 0 0 0 0
0 0 0 0 0
0 0 0 0 0
0 0 0 0 0
0 0 0 0 0
0 0 0 0 0
0 0 0 0 0
0 0 0 0 0
0 0 0 0 0
0 0 0 0 0
0 0 0 0 0
0 0 0 0 0
0 0 0 0 0
0 0 0 0 0
0 0 0 0 0
0 0 0 0 0
0 0 0 0 0
0 0 0 0 0
0 0 0 0 1
0 0 0 0 1
0 0 0 0 1
0 0 0 0 1
0 0 0 0 1
0 0 0 0 1
0 0 0 0 1
0 0 0 0 1
0 0 0 0 1
0 0 0 0 1
0 0 0 0 1
0.0246167173827416 0 0 0 1
0.100989639349791 0 0 0 1
0.0165302312780113 0 0 0 1
0.018381375411991 0 0 0 1
0.00740219832096045 0 0 0 1
0 0 0 0 1
0 0 0 0 1
0 0 0 0 1
0 0 0 0 1
0 0 0 0 1
0 0 0 0 1
0 0 0 0 1
0 0 0 0 1
0 0 0 0 1
0 0 0 0 1
0 0 0 0 1
0 0 0 0 1
0 0 0 0 1
0 0 0 0 1
0 0 0 0 1
0 0 0 0 1
0 1 0 0 0
0 1 0 0 0
0 1 0 0 0
0 1 0 0 0
0 1 0 0 0
0 1 0 0 0
0 1 0 0 0
0 1 0 0 0
0 1 0 0 0
0 1 0 0 0
0 1 0 0 0
0 1 0 0 0
0 1 0 0 0
0 1 0 0 0
0 1 0 0 0
0 1 0 0 0
0 1 0 0 0
0 1 0 0 0
0 1 0 0 0
0 1 0 0 0
0 1 0 0 0
0 1 0 0 0
0 1 0 0 0
0 1 0 0 0
0 1 0 0 0
0 1 0 0 0
0 1 0 0 0
0 1 0 0 0
0.000780075424700044 1 0 0 0
0 1 0 0 0
0 1 0 0 0
0.0242415399043239 1 0 0 0
0.0352845075894948 1 0 0 0
0.0915728985546593 1 0 0 0
0 1 0 0 0
0.00554746702619013 1 0 0 0
0 1 0 0 0
0 1 0 0 0
0 1 0 0 0
0 1 0 0 0
0 1 0 0 0
0 1 0 0 0
0.00542560565008898 1 0 0 0
0.000297789483738597 1 0 0 0
0.048330891331716 1 0 0 0
0 1 0 0 0
0 1 0 0 0
0 1 0 0 0
0 1 0 0 0
0 1 0 0 0
0 1 0 0 0
0 1 0 0 0
0 1 0 0 0
0 1 0 0 0
0 1 0 0 0
0 1 0 0 0
0 1 0 0 0
0 1 0 0 0
0 1 0 0 0
0 1 0 0 0
0 1 0 0 0
0 1 0 0 0
0 1 0 0 0
0 1 0 0 0
0 1 0 0 0
0 1 0 0 0
0 1 0 0 0
0 1 0 0 0
0 1 0 0 0
0 1 0 0 0
0 1 0 0 0
0 1 0 0 0
0 1 0 0 0
0 1 0 0 0
0 1 0 0 0
0 1 0 0 0
0 1 0 0 0
0 1 0 0 0
0 1 0 0 0
0 1 0 0 0
0 1 0 0 0
0 1 0 0 0
0 1 0 0 0
0 1 0 0 0
0 1 0 0 0
0 1 0 0 0
0 1 0 0 0
0 1 0 0 0
0 1 0 0 0
0 1 0 0 0
0 1 0 0 0
0 1 0 0 0
0 1 0 0 0
0 1 0 0 0
0 1 0 0 0
0 1 0 0 0
0 1 0 0 0
0 1 0 0 0
0 1 0 0 0
0 1 0 0 0
0 1 0 0 0
0 1 0 0 0
0 1 0 0 0
0 1 0 0 0
0 1 0 0 0
0 1 0 0 0
0 1 0 0 0
0 1 0 0 0
0 1 0 0 0
0 1 0 0 0
0 1 0 0 0
0 1 0 0 0
0 1 0 0 0
0 1 0 0 0
0 1 0 0 0
0 1 0 0 0
0 1 0 0 0
0 1 0 0 0
0 1 0 0 0
0 1 0 0 0
0 1 0 0 0
0 1 0 0 0
0 1 0 0 0
0 1 0 0 0
0 1 0 0 0
0 0 1 0 0
0.083401566826069 0 0 0 0
0.103725216831663 0 0 0 0
0.117927879273338 0 0 0 0
0.101217812328969 0 0 0 0
0.110099284938769 0 0 0 0
0.227843202083022 0 0 1 0
0.178902037987427 0 0 1 0
0.262680506466495 0 0 0 0
0.169051294506062 0 0 0 0
0.218429368374018 0 0 0 0
0.239603828958934 0 0 0 0
0.2518986789255 0 0 0 0
0.167407327666069 0 0 0 0
0.136358664803993 0 0 0 0
0 0 0 0 0
0.0681227529639727 0 0 0 0
0 0 0 0 0
0 0 0 0 0
0 0 0 0 0
0 0 0 0 0
0 0 0 0 0
0 0 0 0 0
0 0 0 0 0
0 0 0 0 0
0 0 0 0 0
0 0 0 0 0
0 0 0 0 0
0 0 0 0 0
0 0 0 0 0
0 0 0 0 0
0 0 0 0 0
0 0 0 0 0
0 0 0 0 0
0 0 0 0 0
0 0 0 0 0
0 0 0 0 0
0 0 0 0 0
0 0 0 0 1
0 0 0 0 1
0 0 0 0 1
0 0 0 0 1
0 0 0 0 1
0 0 0 0 1
0 0 0 0 1
0 0 0 0 1
0 0 0 0 1
0 0 0 0 1
0 0 0 0 1
0 0 0 0 1
0 0 0 0 1
0 0 0 0 1
0 0 0 0 1
0 0 0 0 1
0 0 0 0 1
0 0 0 0 1
0 0 0 0 1
0 0 0 0 1
0 0 0 0 1
0 0 0 0 1
0 0 0 0 1
0 0 0 0 1
0 0 0 0 1
0 0 0 0 1
0 0 0 0 1
0 0 0 0 1
0 0 0 0 1
0 0 0 0 1
0 0 0 0 1
0 0 0 0 1
12.7956985961646 1 0 0 0
12.9472827538848 1 0 0 0
13.6874374002218 1 0 0 0
14.180778991431 1 0 0 0
14.692920492962 1 0 0 0
14.7318036761135 1 0 0 0
13.939572032541 1 0 0 0
12.9012025427073 1 0 0 0
11.7725655436516 1 0 0 0
10.3336911415681 1 0 0 0
9.18321940116584 1 0 0 0
8.09785316232592 1 0 0 0
7.57158058695495 1 0 0 0
7.13193730916828 1 0 0 0
7.17650097794831 1 0 0 0
6.99994328897446 1 0 0 0
6.95129192899913 1 0 0 0
7.0399958640337 1 0 0 0
6.92478788550943 1 0 0 0
6.18048489559442 1 0 0 0
5.84592821542174 1 0 0 0
5.12101897038519 1 0 0 0
4.11862606415525 1 0 0 0
3.38073598686606 1 0 0 0
2.78337867348455 1 0 0 0
2.28847583639435 1 0 0 0
1.88422558130696 1 0 0 0
1.53307738946751 1 0 0 0
1.36781358742155 1 0 0 0
1.32789833878633 1 0 0 0
1.21676412527449 1 0 0 0
1.21010688599199 1 0 0 0
1.44379344419576 1 0 0 0
1.67059342493303 1 0 0 0
1.79287735954858 1 0 0 0
1.42874046287034 1 0 0 0
1.83125660987571 1 0 0 0
1.97781914903317 1 0 0 0
2.16684085899033 1 0 0 0
2.09460564656183 1 0 0 0
2.093740622513 1 0 0 0
2.41495610680431 1 0 0 0
2.53661395981908 1 0 0 0
2.54270012374036 1 0 0 0
2.55048536928371 1 0 0 0
2.43263246375136 1 0 0 0
2.86044712993316 1 0 0 0
2.79544165823609 1 0 0 0
3.17161102429964 1 0 0 0
3.25422611786053 1 0 0 0
3.5329734091647 1 0 0 0
4.1818791651167 1 0 0 0
4.53994033159688 1 0 0 0
4.93974902201444 1 0 0 0
4.84324374701828 1 0 0 0
5.41434116894379 1 0 0 0
5.15828939387575 1 0 0 0
5.50575566012412 1 0 0 0
5.51674934104085 1 0 0 0
5.57428476167843 1 0 0 0
5.00509497942403 1 0 0 0
5.48874936066568 1 0 0 0
5.45665540266782 1 0 0 0
5.63298014458269 1 0 0 0
5.56030654115602 1 0 0 0
6.20325235649943 1 0 0 0
6.33262330666184 1 0 0 0
6.64552045054734 1 0 0 0
6.76393311005086 1 0 0 0
6.76751916762441 1 0 0 0
6.37454562820494 1 0 0 0
4.35783236753196 1 0 0 0
3.8943708059378 1 0 0 0
2.94446485349908 1 0 0 0
2.90282201603986 1 0 0 0
1.90214111353271 1 0 0 0
1.94478660705499 1 0 0 0
1.65852991631255 1 0 0 0
1.71306815173011 1 0 0 0
1.88856778549962 1 0 0 0
1.7377570620738 1 0 0 0
2.27345418534242 1 0 0 0
2.08664230012801 1 0 0 0
2.05607531825081 1 0 0 0
1.49969549966045 1 0 0 0
1.56853851513006 1 0 0 0
1.21406378457323 1 0 0 0
1.21252733515576 1 0 0 0
1.15457954234444 1 0 0 0
1.27146713202819 1 0 0 0
1.17311111534946 1 0 0 0
1.45862360659521 1 0 0 0
1.50491754175164 1 0 0 0
1.59907991474029 1 0 0 0
1.56873544619884 1 0 0 0
2.18568192212842 1 0 0 0
2.1637451427523 1 0 0 0
2.63118426664732 1 0 0 0
2.94231955194846 1 0 0 0
3.57657257700339 1 0 0 0
3.72280238661915 1 0 0 0
4.36553091276437 1 0 0 0
4.99638018663973 1 0 0 0
5.64619130454957 1 0 0 0
6.16055494174361 1 0 0 0
6.80388638284057 1 0 0 0
7.15438136830926 1 0 0 0
7.57270562462509 1 0 0 0
6.6866977722384 1 0 0 0
6.35648070601746 1 0 0 0
4.94599313242361 1 0 0 0
4.51257050735876 1 0 0 0
4.07985463971272 1 0 0 0
4.00659104343504 1 0 0 0
3.85959207778797 1 0 0 0
4.43164026364684 1 0 0 0
4.64536505751312 1 0 0 0
5.12402137974277 1 0 0 0
5.57995121926069 1 0 0 0
5.83887076936662 1 0 0 0
6.85943907592446 1 0 0 0
6.708211498335 1 0 0 0
7.20002863090485 1 0 0 0
6.36876467615366 1 0 0 0
7.1205886779353 1 0 0 0
5.87880820967257 0 1 0 0
5.56129624601454 0 0 0 0
5.09879074525088 0 0 0 0
4.8320708447136 0 0 0 0
4.27121215034276 0 0 0 0
4.06032364116982 0 0 1 0
3.9832295733504 0 0 1 0
4.16335830232129 0 0 1 0
4.31002990808338 0 0 0 0
4.30756993591785 0 0 0 0
4.81216382468119 0 0 0 0
5.25843759533018 0 0 0 0
5.25162176927552 0 0 0 0
5.10461931116879 0 0 0 0
5.12988015543669 0 0 0 0
5.12167374836281 0 0 0 0
5.06200321251526 0 0 0 0
4.99744486296549 0 0 0 0
5.33316406654194 0 0 0 0
5.38881588727236 0 0 0 0
4.87641873769462 0 0 0 0
4.38807281898335 0 0 0 0
4.29053325206041 0 0 0 0
3.86238942155614 0 0 0 0
3.01194202620536 0 0 0 0
2.44179408764467 0 0 0 0
1.81801701546647 0 0 0 0
1.39308156212792 0 0 0 0
1.07872724765912 0 0 0 0
0.806842523161322 0 0 0 0
0.66559014521772 0 0 0 0
0.537799540325068 0 0 0 0
0.443466429715045 0 0 0 0
0.450974635896273 0 0 0 0
0.424711925006704 0 0 0 0
0.364409659141529 0 0 0 0
0.417375849792734 0 0 0 0
0.444672030425863 0 0 0 0
0.610365394095425 0 0 0 1
0.810413403087296 0 0 0 1
0.874855461006518 0 0 0 1
0.976645198534243 0 0 0 1
1.16290357254911 0 0 0 1
1.53471331577748 0 0 0 1
1.68904304155149 0 0 0 1
1.64517217490356 0 0 0 1
1.3626640138682 0 0 0 1
1.33817101595923 0 0 0 1
1.18652428500354 0 0 0 1
1.05037519824691 0 0 0 1
0.894708100531716 0 0 0 1
0.656697040540166 0 0 0 1
0.485816141008399 0 0 0 1
0.52789779874729 0 0 0 1
0.392710240703309 0 0 0 1
0.399710705096368 0 0 0 1
0.367557608115021 0 0 0 1
0.354147661710158 0 0 0 1
0.284862234366301 0 0 0 1
0.256109709880548 0 0 0 1
0.250909481110284 0 0 0 1
0.231744810207601 0 0 0 1
0.269823433427518 0 0 0 1
0.197638943973288 0 0 0 1
0.143828659929568 0 0 0 1
0.180960032594157 0 0 0 1
0.243742488237331 0 0 0 1
0.227874383654125 0 0 0 1
0.309260980429826 0 0 0 1
0.294730068162607 0 0 0 1
0.0265142898570048 1 0 0 0
0.166891702974681 1 0 0 0
0.0127843559312169 1 0 0 0
0.0419709404013702 1 0 0 0
0.10844762527995 1 0 0 0
0.0783406647997253 1 0 0 0
0 1 0 0 0
0 1 0 0 0
0 1 0 0 0
0 1 0 0 0
0 1 0 0 0
0 1 0 0 0
0 1 0 0 0
0 1 0 0 0
0 1 0 0 0
0 1 0 0 0
0 1 0 0 0
0 1 0 0 0
0 1 0 0 0
0 1 0 0 0
0 1 0 0 0
0 1 0 0 0
0 1 0 0 0
0 1 0 0 0
0 1 0 0 0
0 1 0 0 0
0 1 0 0 0
0 1 0 0 0
0 1 0 0 0
0 1 0 0 0
0 1 0 0 0
0 1 0 0 0
0 1 0 0 0
0 1 0 0 0
0 1 0 0 0
0 1 0 0 0
0 1 0 0 0
0 1 0 0 0
0 1 0 0 0
0 1 0 0 0
0 1 0 0 0
0 1 0 0 0
0 1 0 0 0
0 1 0 0 0
0 1 0 0 0
0 1 0 0 0
0 1 0 0 0
0 1 0 0 0
0 1 0 0 0
0 1 0 0 0
0 1 0 0 0
0 1 0 0 0
0 1 0 0 0
0 1 0 0 0
0 1 0 0 0
0 1 0 0 0
0 1 0 0 0
0 1 0 0 0
0 1 0 0 0
0 1 0 0 0
0 1 0 0 0
0 1 0 0 0
0 1 0 0 0
0 1 0 0 0
0 1 0 0 0
0 1 0 0 0
0 1 0 0 0
0 1 0 0 0
0 1 0 0 0
0 1 0 0 0
0 1 0 0 0
0 1 0 0 0
0 1 0 0 0
0 1 0 0 0
0 1 0 0 0
0 1 0 0 0
0 1 0 0 0
0 1 0 0 0
0 1 0 0 0
0 1 0 0 0
0 1 0 0 0
0 1 0 0 0
0 1 0 0 0
0 1 0 0 0
0 1 0 0 0
0 1 0 0 0
0 1 0 0 0
0 1 0 0 0
0 1 0 0 0
0 1 0 0 0
0 1 0 0 0
0 1 0 0 0
0 1 0 0 0
0 1 0 0 0
0 1 0 0 0
0 1 0 0 0
0 1 0 0 0
0 1 0 0 0
0 1 0 0 0
0 1 0 0 0
0 1 0 0 0
0 1 0 0 0
0 1 0 0 0
0 1 0 0 0
0 1 0 0 0
0 1 0 0 0
0 1 0 0 0
0 1 0 0 0
0 1 0 0 0
0 1 0 0 0
0 1 0 0 0
0 1 0 0 0
0 1 0 0 0
0 1 0 0 0
0 1 0 0 0
0 1 0 0 0
0 1 0 0 0
0 1 0 0 0
0 1 0 0 0
0 1 0 0 0
0 1 0 0 0
0 1 0 0 0
0 1 0 0 0
0 1 0 0 0
0 1 0 0 0
0 0 1 0 0
0 0 0 0 0
0 0 0 0 0
0 0 0 0 0
0 0 0 0 0
0 0 0 0 0
0 0 0 0 0
0 0 0 1 0
0 0 0 1 0
0 0 0 1 0
0 0 0 1 0
0 0 0 0 0
0 0 0 0 0
0 0 0 0 0
0 0 0 0 0
0 0 0 0 0
0 0 0 0 0
0 0 0 0 0
0 0 0 0 0
0 0 0 0 0
0 0 0 0 0
0 0 0 0 0
0 0 0 0 0
0 0 0 0 0
0 0 0 0 0
0 0 0 0 0
0 0 0 0 0
0 0 0 0 0
0 0 0 0 0
0 0 0 0 0
0 0 0 0 0
0 0 0 0 0
0 0 0 0 0
0 0 0 0 0
0 0 0 0 0
0 0 0 0 0
0 0 0 0 0
0 0 0 0 0
0 0 0 0 0
0 0 0 0 0
0 0 0 0 0
0 0 0 0 1
0 0 0 0 1
0 0 0 0 1
0 0 0 0 1
0 0 0 0 1
0 0 0 0 1
0 0 0 0 1
0 0 0 0 1
0 0 0 0 1
0.0443282042397186 0 0 0 1
0 0 0 0 1
0 0 0 0 1
0.175733104697429 0 0 0 1
0 0 0 0 1
0.0001392254489474 0 0 0 1
0.0822480778879253 0 0 0 1
0.0501956819789484 0 0 0 1
0 0 0 0 1
0 0 0 0 1
0 0 0 0 1
0 0 0 0 1
0 0 0 0 1
0 0 0 0 1
0 0 0 0 1
0 0 0 0 1
0 0 0 0 1
0 0 0 0 1
0 0 0 0 1
0 0 0 0 1
0 0 0 0 1
0 0 0 0 1
0 0 0 0 1
0 1 0 0 0
0 1 0 0 0
0 1 0 0 0
0 1 0 0 0
0.149261951264634 1 0 0 0
0.104871766211545 1 0 0 0
0.0668811599098262 1 0 0 0
0.0779149095251341 1 0 0 0
0.111307903353008 1 0 0 0
0.0164729026437271 1 0 0 0
0 1 0 0 0
0 1 0 0 0
0 1 0 0 0
0 1 0 0 0
0 1 0 0 0
0 1 0 0 0
0 1 0 0 0
0 1 0 0 0
0 1 0 0 0
0 1 0 0 0
0 1 0 0 0
0 1 0 0 0
0 1 0 0 0
0 1 0 0 0
0 1 0 0 0
0 1 0 0 0
0 1 0 0 0
0 1 0 0 0
0 1 0 0 0
0 1 0 0 0
0 1 0 0 0
0 1 0 0 0
0 1 0 0 0
0 1 0 0 0
0 1 0 0 0
0 1 0 0 0
0 1 0 0 0
0 1 0 0 0
0 1 0 0 0
0 1 0 0 0
0 1 0 0 0
0 1 0 0 0
0 1 0 0 0
0 1 0 0 0
0 1 0 0 0
0 1 0 0 0
0 1 0 0 0
0 1 0 0 0
0 1 0 0 0
0 1 0 0 0
0 1 0 0 0
0 1 0 0 0
0 1 0 0 0
0 1 0 0 0
0 1 0 0 0
0 1 0 0 0
0 1 0 0 0
0 1 0 0 0
0 1 0 0 0
0 1 0 0 0
0 1 0 0 0
0 1 0 0 0
0 1 0 0 0
0 1 0 0 0
0 1 0 0 0
0.0623969381194911 1 0 0 0
0.0555721135242493 1 0 0 0
0.0363433759957843 1 0 0 0
0.0907117082533659 1 0 0 0
0.139566048346751 1 0 0 0
0.210355597118905 1 0 0 0
0.187609482964035 1 0 0 0
0.171113762235109 1 0 0 0
0.184937053290923 1 0 0 0
0.149322162087628 1 0 0 0
0.142621390295972 1 0 0 0
0.0468576312471214 1 0 0 0
0.0577710598008707 1 0 0 0
0 1 0 0 0
0 1 0 0 0
0 1 0 0 0
0 1 0 0 0
0 1 0 0 0
0 1 0 0 0
0 1 0 0 0
0 1 0 0 0
0 1 0 0 0
0 1 0 0 0
0 1 0 0 0
0 1 0 0 0
0 1 0 0 0
0 1 0 0 0
0 1 0 0 0
0 1 0 0 0
0 1 0 0 0
0 1 0 0 0
0 1 0 0 0
0 1 0 0 0
0 1 0 0 0
0 1 0 0 0
0 1 0 0 0
0 1 0 0 0
0 1 0 0 0
0 1 0 0 0
0 1 0 0 0
0 1 0 0 0
0 1 0 0 0
0 1 0 0 0
0 1 0 0 0
0 1 0 0 0
0 1 0 0 0
0 1 0 0 0
0 1 0 0 0
0 1 0 0 0
0 1 0 0 0
0 1 0 0 0
0 1 0 0 0
0 1 0 0 0
0 1 0 0 0
0 1 0 0 0
0 1 0 0 0
0 1 0 0 0
0 1 0 0 0
0 1 0 0 0
0 1 0 0 0
0 0 1 0 0
0 0 0 0 0
0 0 0 0 0
0 0 0 0 0
0 0 0 0 0
0 0 0 0 0
0 0 0 0 0
0 0 0 1 0
0 0 0 1 0
0 0 0 1 0
0 0 0 1 0
0 0 0 1 0
0 0 0 0 0
0 0 0 0 0
0 0 0 0 0
0 0 0 0 0
0 0 0 0 0
0 0 0 0 0
0 0 0 0 0
0 0 0 0 0
0 0 0 0 0
0 0 0 0 0
0 0 0 0 0
0 0 0 0 0
0 0 0 0 0
0 0 0 0 0
0 0 0 0 0
0 0 0 0 0
0 0 0 0 0
0 0 0 0 0
0 0 0 0 0
0 0 0 0 0
0 0 0 0 0
0 0 0 0 0
0 0 0 0 0
0 0 0 0 0
0 0 0 0 0
0 0 0 0 0
0 0 0 0 0
0 0 0 0 0
0 0 0 0 0
0 0 0 0 0
0 0 0 0 1
0 0 0 0 1
0 0 0 0 1
0 0 0 0 1
0 0 0 0 1
0 0 0 0 1
0 0 0 0 1
0 0 0 0 1
0 0 0 0 1
0 0 0 0 1
0 0 0 0 1
0 0 0 0 1
0 0 0 0 1
0 0 0 0 1
0 0 0 0 1
0 0 0 0 1
0 0 0 0 1
0 0 0 0 1
0 0 0 0 1
0 0 0 0 1
0 0 0 0 1
0 0 0 0 1
0 0 0 0 1
0 0 0 0 1
0 0 0 0 1
0 0 0 0 1
0 0 0 0 1
0 0 0 0 1
0 0 0 0 1
0 0 0 0 1
0 0 0 0 1
0 0 0 0 1
0.0380037349714257 1 0 0 0
0.069445602093765 1 0 0 0
0 1 0 0 0
0.136226414724661 1 0 0 0
0.139541225507855 1 0 0 0
0.246720719587756 1 0 0 0
0.386621145480603 1 0 0 0
0.731232903490309 1 0 0 0
0.789470032032114 1 0 0 0
0.922030747460667 1 0 0 0
0.601152467424981 1 0 0 0
0.644352905510459 1 0 0 0
0.567449591471814 1 0 0 0
0.499622859933879 1 0 0 0
0.314483229885809 1 0 0 0
0.248026612098329 1 0 0 0
0.135921965920716 1 0 0 0
0.157706857862649 1 0 0 0
0.178426034835866 1 0 0 0
0.156116483594815 1 0 0 0
0.0699301247095718 1 0 0 0
0.0920646850772755 1 0 0 0
0.0150471463697954 1 0 0 0
0.0513021373080846 1 0 0 0
0.0528801251675759 1 0 0 0
0.00407397965318523 1 0 0 0
0 1 0 0 0
0.0571494940686534 1 0 0 0
0.02107545878971 1 0 0 0
0.0934135167085515 1 0 0 0
0.0420671422034502 1 0 0 0
0.0947604387420142 1 0 0 0
0.0706396540408605 1 0 0 0
0.0661073240735277 1 0 0 0
0.0320335402648197 1 0 0 0
0.0387963837056304 1 0 0 0
0.027081277949037 1 0 0 0
0.096580290573911 1 0 0 0
0.0479568288938026 1 0 0 0
0.181789879752703 1 0 0 0
0.122560093586799 1 0 0 0
0.132323383468247 1 0 0 0
0.156616419189959 1 0 0 0
0.230697453389439 1 0 0 0
0.185684953976306 1 0 0 0
0.217784286633105 1 0 0 0
0.210630017136282 1 0 0 0
0.151283108607458 1 0 0 0
0.178177517227596 1 0 0 0
0.192962773326144 1 0 0 0
0.17580464736966 1 0 0 0
0.165240839123726 1 0 0 0
0.269208665486076 1 0 0 0
0.146569867496282 1 0 0 0
0.133120594000502 1 0 0 0
0.104731138435454 1 0 0 0
0.0527517877344508 1 0 0 0
0.0135799382405821 1 0 0 0
0 1 0 0 0
0 1 0 0 0
0 1 0 0 0
0 1 0 0 0
0 1 0 0 0
0 1 0 0 0
0 1 0 0 0
0 1 0 0 0
0 1 0 0 0
0 1 0 0 0
0 1 0 0 0
0 1 0 0 0
0 1 0 0 0
0 1 0 0 0
0 1 0 0 0
0 1 0 0 0
0 1 0 0 0
0 1 0 0 0
0 1 0 0 0
0 1 0 0 0
0 1 0 0 0
0 1 0 0 0
0 1 0 0 0
0 1 0 0 0
0 1 0 0 0
0 1 0 0 0
0 1 0 0 0
0 1 0 0 0
0 1 0 0 0
0 1 0 0 0
0 1 0 0 0
0 1 0 0 0
0 1 0 0 0
0 1 0 0 0
0 1 0 0 0
0 1 0 0 0
0 1 0 0 0
0 1 0 0 0
0 1 0 0 0
0 1 0 0 0
0 1 0 0 0
0 1 0 0 0
0 1 0 0 0
0 1 0 0 0
0 1 0 0 0
0 1 0 0 0
0 1 0 0 0
0 1 0 0 0
0 1 0 0 0
0 1 0 0 0
0 1 0 0 0
0 1 0 0 0
0 1 0 0 0
0 1 0 0 0
0 1 0 0 0
0 1 0 0 0
0 1 0 0 0
0 1 0 0 0
0 1 0 0 0
0 1 0 0 0
0 1 0 0 0
0 1 0 0 0
0 1 0 0 0
0 1 0 0 0
0 1 0 0 0
0 1 0 0 0
0 1 0 0 0
0 0 1 0 0
0 0 0 0 0
0 0 0 0 0
0 0 0 0 0
0 0 0 0 0
0 0 0 0 0
0 0 0 1 0
0 0 0 1 0
0 0 0 1 0
0 0 0 1 0
0 0 0 0 0
0 0 0 0 0
0 0 0 0 0
0 0 0 0 0
0 0 0 0 0
0 0 0 0 0
0 0 0 0 0
0 0 0 0 0
0 0 0 0 0
0 0 0 0 0
0 0 0 0 0
0 0 0 0 0
0 0 0 0 0
0 0 0 0 0
0 0 0 0 0
0 0 0 0 0
0 0 0 0 0
0 0 0 0 0
0 0 0 0 0
0 0 0 0 0
0 0 0 0 0
0 0 0 0 0
0 0 0 0 0
0 0 0 0 0
0 0 0 0 0
0 0 0 0 0
0 0 0 0 0
0 0 0 0 0
0 0 0 0 0
0 0 0 0 0
0 0 0 0 1
0 0 0 0 1
0 0 0 0 1
0 0 0 0 1
0 0 0 0 1
0 0 0 0 1
0.0821041376184439 0 0 0 1
0.0746641744626686 0 0 0 1
0.137124767206842 0 0 0 1
0.126166639347502 0 0 0 1
0.242006034568476 0 0 0 1
0.182475287147099 0 0 0 1
0.113728036012617 0 0 0 1
0.0592494388911291 0 0 0 1
0 0 0 0 1
0 0 0 0 1
0 0 0 0 1
0 0 0 0 1
0 0 0 0 1
0 0 0 0 1
0 0 0 0 1
0 0 0 0 1
0 0 0 0 1
0.0905704248452821 0 0 0 1
0.0921932528399338 0 0 0 1
0.189507522463828 0 0 0 1
0.215533797927492 0 0 0 1
0.254976561336662 0 0 0 1
0.382187678951595 0 0 0 1
0.287086519904278 0 0 0 1
0.30357884361365 0 0 0 1
0.285621829789307 0 0 0 1
0 1 0 0 0
0 1 0 0 0
0 1 0 0 0
0 1 0 0 0
0 1 0 0 0
0 1 0 0 0
0 1 0 0 0
0 1 0 0 0
0 1 0 0 0
0 1 0 0 0
0 1 0 0 0
0 1 0 0 0
0 1 0 0 0
0 1 0 0 0
0 1 0 0 0
0 1 0 0 0
0 1 0 0 0
0 1 0 0 0
0 1 0 0 0
0 1 0 0 0
0 1 0 0 0
0 1 0 0 0
0 1 0 0 0
0 1 0 0 0
0 1 0 0 0
0 1 0 0 0
0 1 0 0 0
0 1 0 0 0
0 1 0 0 0
0 1 0 0 0
0 1 0 0 0
0 1 0 0 0
0 1 0 0 0
0 1 0 0 0
0 1 0 0 0
0 1 0 0 0
0 1 0 0 0
0 1 0 0 0
0 1 0 0 0
0 1 0 0 0
0 1 0 0 0
0 1 0 0 0
0 1 0 0 0
0 1 0 0 0
0 1 0 0 0
0 1 0 0 0
0 1 0 0 0
0 1 0 0 0
0 1 0 0 0
0 1 0 0 0
0 1 0 0 0
0 1 0 0 0
0 1 0 0 0
0 1 0 0 0
0.0734488021407742 1 0 0 0
0 1 0 0 0
0.0396328105125576 1 0 0 0
0.146546213727561 1 0 0 0
0.0989700668014848 1 0 0 0
0.242265361521277 1 0 0 0
0.523033315403154 1 0 0 0
0.559303291083779 1 0 0 0
0.795239880972076 1 0 0 0
0.652620918117464 1 0 0 0
0.84276452253107 1 0 0 0
0.726834485249128 1 0 0 0
0.823282614874188 1 0 0 0
0.502592745760921 1 0 0 0
0.555770264327293 1 0 0 0
0.471632118205889 1 0 0 0
0.422075758251594 1 0 0 0
0.293226217763731 1 0 0 0
0.314956291731505 1 0 0 0
0.426952405177872 1 0 0 0
0.332262926917792 1 0 0 0
0.344152653269703 1 0 0 0
0.449859438958811 1 0 0 0
0.383315270482854 1 0 0 0
0.438514118286548 1 0 0 0
0.234108832955826 1 0 0 0
0.323367754390347 1 0 0 0
0.518084794748574 1 0 0 0
0.113210779090878 1 0 0 0
0 1 0 0 0
0 1 0 0 0
0.939343073696364 1 0 0 0
4.49022412067279 1 0 0 0
8.1927603459917 1 0 0 0
9.89904021844268 1 0 0 0
7.26424797903746 1 0 0 0
6.36405148543417 1 0 0 0
4.00132621871307 1 0 0 0
3.75088636064902 1 0 0 0
1.95027058362029 1 0 0 0
1.82453979505226 1 0 0 0
1.01546307269018 1 0 0 0
0.740551135095302 1 0 0 0
0.359112049864052 1 0 0 0
0.433606233855244 1 0 0 0
0.309210734855014 1 0 0 0
0.234954854022362 1 0 0 0
0.113945831799356 1 0 0 0
0.195719533621741 1 0 0 0
0.150776840200706 1 0 0 0
0.0550993281649426 1 0 0 0
0 1 0 0 0
0.0303676351904869 1 0 0 0
0 1 0 0 0
0 1 0 0 0
0.0327669076796155 1 0 0 0
0 1 0 0 0
0.00733434490030049 1 0 0 0
0 1 0 0 0
0 1 0 0 0
0 1 0 0 0
0 1 0 0 0
0 1 0 0 0
0 1 0 0 0
0 1 0 0 0
0 1 0 0 0
0 1 0 0 0
0.0533528127562022 1 0 0 0
0.0755588498577708 1 0 0 0
0.0292255499516614 1 0 0 0
0.0934849031182239 1 0 0 0
0.0338370464305626 0 1 0 0
0.0659686074868659 0 0 0 0
0.0800044253992382 0 0 0 0
0.127979828903335 0 0 0 0
0.193774985746131 0 0 0 0
0.273901454420411 0 0 0 0
0.287405633571325 0 0 1 0
0.269921639755921 0 0 1 0
0.227812257435289 0 0 1 0
0.229905872402014 0 0 0 0
0.198143904981407 0 0 0 0
0.0610651925398997 0 0 0 0
0.0641218402961385 0 0 0 0
0 0 0 0 0
0 0 0 0 0
0 0 0 0 0
0 0 0 0 0
0 0 0 0 0
0 0 0 0 0
0 0 0 0 0
0 0 0 0 0
0 0 0 0 0
0 0 0 0 0
0.0438825704804913 0 0 0 0
0.11784215530497 0 0 0 0
0 0 0 0 0
0 0 0 0 0
0 0 0 0 0
0.0703763253113721 0 0 0 0
0 0 0 0 0
0 0 0 0 0
0 0 0 0 0
0 0 0 0 0
0 0 0 0 0
0 0 0 0 0
0 0 0 0 0
0 0 0 0 0
0 0 0 0 0
0 0 0 0 0
0 0 0 0 1
0 0 0 0 1
0 0 0 0 1
0 0 0 0 1
0 0 0 0 1
0 0 0 0 1
0 0 0 0 1
0 0 0 0 1
0 0 0 0 1
0 0 0 0 1
0.0107263699646865 0 0 0 1
0 0 0 0 1
0.0830874259918346 0 0 0 1
0 0 0 0 1
0.117878892524459 0 0 0 1
0.0742007068765815 0 0 0 1
0.105681694549276 0 0 0 1
0.0311266185235581 0 0 0 1
0 0 0 0 1
0 0 0 0 1
0 0 0 0 1
0 0 0 0 1
0 0 0 0 1
0 0 0 0 1
0 0 0 0 1
0 0 0 0 1
0 0 0 0 1
0 0 0 0 1
0 0 0 0 1
0 0 0 0 1
0 0 0 0 1
0 0 0 0 1
0 1 0 0 0
0.0497204243856686 1 0 0 0
0.0820314512566256 1 0 0 0
0.216646723856684 1 0 0 0
0.307811005768599 1 0 0 0
0.284037133496895 1 0 0 0
0.245146033194032 1 0 0 0
0.145022939022965 1 0 0 0
0.0502097868775309 1 0 0 0
0 1 0 0 0
0 1 0 0 0
0 1 0 0 0
0 1 0 0 0
0 1 0 0 0
0 1 0 0 0
0 1 0 0 0
0.0436801919931895 1 0 0 0
0.0559510217499337 1 0 0 0
0.0204157117877912 1 0 0 0
0 1 0 0 0
0 1 0 0 0
0 1 0 0 0
0 1 0 0 0
0 1 0 0 0
0 1 0 0 0
0 1 0 0 0
0 1 0 0 0
0 1 0 0 0
0 1 0 0 0
0 1 0 0 0
0 1 0 0 0
0 1 0 0 0
0 1 0 0 0
0 1 0 0 0
0 1 0 0 0
0 1 0 0 0
0 1 0 0 0
0 1 0 0 0
0 1 0 0 0
0 1 0 0 0
0 1 0 0 0
0 1 0 0 0
0 1 0 0 0
0 1 0 0 0
0 1 0 0 0
0 1 0 0 0
0 1 0 0 0
0 1 0 0 0
0 1 0 0 0
0 1 0 0 0
0 1 0 0 0
0 1 0 0 0
0 1 0 0 0
0 1 0 0 0
0 1 0 0 0
0 1 0 0 0
0 1 0 0 0
0 1 0 0 0
0 1 0 0 0
0 1 0 0 0
0 1 0 0 0
0 1 0 0 0
0 1 0 0 0
0 1 0 0 0
0 1 0 0 0
0 1 0 0 0
0 1 0 0 0
0 1 0 0 0
0 1 0 0 0
0 1 0 0 0
0 1 0 0 0
0 1 0 0 0
0 1 0 0 0
0 1 0 0 0
0 1 0 0 0
0 1 0 0 0
0 1 0 0 0
0 1 0 0 0
0 1 0 0 0
0 1 0 0 0
0 1 0 0 0
0 1 0 0 0
0 1 0 0 0
0 1 0 0 0
0 1 0 0 0
0 1 0 0 0
0 1 0 0 0
0 1 0 0 0
0 1 0 0 0
0 1 0 0 0
0 1 0 0 0
0 1 0 0 0
0 1 0 0 0
0 1 0 0 0
0 1 0 0 0
0 1 0 0 0
0 1 0 0 0
0 1 0 0 0
0 1 0 0 0
0 1 0 0 0
0 1 0 0 0
0 1 0 0 0
0 1 0 0 0
0 1 0 0 0
0 1 0 0 0
0 1 0 0 0
0 1 0 0 0
0 1 0 0 0
0 1 0 0 0
0 1 0 0 0
0 1 0 0 0
0 1 0 0 0
0 1 0 0 0
0 1 0 0 0
0 1 0 0 0
0 1 0 0 0
0 1 0 0 0
0 1 0 0 0
0 1 0 0 0
0 1 0 0 0
0 1 0 0 0
0 1 0 0 0
0 1 0 0 0
0 1 0 0 0
0 1 0 0 0
0 0 1 0 0
0 0 0 0 0
0 0 0 0 0
0 0 0 0 0
0 0 0 0 0
0 0 0 0 0
0 0 0 1 0
0 0 0 1 0
0 0 0 1 0
0 0 0 1 0
0 0 0 0 0
0 0 0 0 0
0.0401103379772394 0 0 0 0
0 0 0 0 0
0 0 0 0 0
0 0 0 0 0
0 0 0 0 0
0 0 0 0 0
0 0 0 0 0
0 0 0 0 0
0 0 0 0 0
0 0 0 0 0
0 0 0 0 0
0 0 0 0 0
0 0 0 0 0
0 0 0 0 0
0 0 0 0 0
0 0 0 0 0
0 0 0 0 0
0 0 0 0 0
0 0 0 0 0
0 0 0 0 0
0 0 0 0 0
0 0 0 0 0
0 0 0 0 0
0 0 0 0 0
0 0 0 0 0
0 0 0 0 0
0 0 0 0 0
0 0 0 0 0
0 0 0 0 1
0 0 0 0 1
0 0 0 0 1
0.00352235872469464 0 0 0 1
0 0 0 0 1
0.123945977975382 0 0 0 1
0.0288300198008073 0 0 0 1
0.0428942016696965 0 0 0 1
0.0244252412358037 0 0 0 1
0.194457236830203 0 0 0 1
0.174439650436398 0 0 0 1
0.145232019917785 0 0 0 1
0 0 0 0 1
0 0 0 0 1
0 0 0 0 1
0 0 0 0 1
0 0 0 0 1
0 0 0 0 1
0 0 0 0 1
0 0 0 0 1
0 0 0 0 1
0 0 0 0 1
0 0 0 0 1
0 0 0 0 1
0 0 0 0 1
0 0 0 0 1
0 0 0 0 1
0 0 0 0 1
0 0 0 0 1
0 0 0 0 1
0 0 0 0 1
0 0 0 0 1
0.60541792481672 1 0 0 0
0.575230122194625 1 0 0 0
0.570915894058999 1 0 0 0
0.449003393441672 1 0 0 0
0.567354632948991 1 0 0 0
0.379862300178502 1 0 0 0
0.533845770405605 1 0 0 0
0.912457646336406 1 0 0 0
1.43820504308678 1 0 0 0
1.35330676857848 1 0 0 0
1.912836523843 1 0 0 0
1.95240331231616 1 0 0 0
2.17645958764479 1 0 0 0
1.69918088340637 1 0 0 0
2.10898707155138 1 0 0 0
2.21082713687792 1 0 0 0
2.65536803635769 1 0 0 0
2.95024149818346 1 0 0 0
4.82855978771113 1 0 0 0
6.95761130191386 1 0 0 0
11.2080819671974 1 0 0 0
16.6907734237611 1 0 0 0
19.9504673946649 1 0 0 0
21.5044426731765 1 0 0 0
18.2231997605413 1 0 0 0
16.2653280422091 1 0 0 0
13.7644701171666 1 0 0 0
12.6727155875415 1 0 0 0
12.0887525845319 1 0 0 0
11.9202444329858 1 0 0 0
10.4771426413208 1 0 0 0
9.98883333522826 1 0 0 0
9.16931626852602 1 0 0 0
8.63876775838435 1 0 0 0
7.58133095223457 1 0 0 0
7.72417685948312 1 0 0 0
7.40966282319278 1 0 0 0
7.14144296944141 1 0 0 0
6.63375714793801 1 0 0 0
7.71693768911064 1 0 0 0
7.54808424971998 1 0 0 0
8.51563573814929 1 0 0 0
9.63108614087105 1 0 0 0
11.5277194418013 1 0 0 0
12.1334494324401 1 0 0 0
14.003507560119 1 0 0 0
13.5908394586295 1 0 0 0
12.5501179136336 1 0 0 0
11.4761580480263 1 0 0 0
9.95461584534496 1 0 0 0
9.99066606163979 1 0 0 0
9.11312503740191 1 0 0 0
9.08772996626794 1 0 0 0
8.53516522329301 1 0 0 0
7.89538456592709 1 0 0 0
7.50262651126832 1 0 0 0
6.69352966360748 1 0 0 0
6.27767480909824 1 0 0 0
5.96710608806461 1 0 0 0
5.76838228153065 1 0 0 0
5.90262236073613 1 0 0 0
6.07708387542516 1 0 0 0
5.63933089142665 1 0 0 0
5.65171201014891 1 0 0 0
5.33535063732415 1 0 0 0
5.73610520223156 1 0 0 0
5.34431054256856 1 0 0 0
5.26494532823563 1 0 0 0
4.76039102068171 1 0 0 0
3.96038684993982 1 0 0 0
3.38119885418564 1 0 0 0
2.7110640949104 1 0 0 0
2.37736277631484 1 0 0 0
1.79527592263184 1 0 0 0
1.69569920399226 1 0 0 0
1.36911877780221 1 0 0 0
1.33152343914844 1 0 0 0
1.21631794900168 1 0 0 0
1.22539579751901 1 0 0 0
1.22763711260632 1 0 0 0
1.20071442506742 1 0 0 0
1.3189826568123 1 0 0 0
1.55115456436761 1 0 0 0
1.88624052680098 1 0 0 0
1.76190631464124 1 0 0 0
1.95011220057495 1 0 0 0
1.843630685471 1 0 0 0
1.91718422865961 1 0 0 0
1.73529915628023 1 0 0 0
1.70629276544787 1 0 0 0
1.47285754792392 1 0 0 0
1.21274270350114 1 0 0 0
1.13751424942166 1 0 0 0
1.20879686437547 1 0 0 0
1.14512132131495 1 0 0 0
1.21930330351461 1 0 0 0
1.22014402586501 1 0 0 0
1.35944262729026 1 0 0 0
1.66832798277028 1 0 0 0
2.33353255316615 1 0 0 0
2.83541597309522 1 0 0 0
3.12543753534555 1 0 0 0
3.38318161084317 1 0 0 0
3.88354808092117 1 0 0 0
4.08195337513462 1 0 0 0
4.29437146522105 1 0 0 0
4.29720588726923 1 0 0 0
4.16248891269788 1 0 0 0
4.07357659423724 1 0 0 0
4.04934742255136 1 0 0 0
3.66795860463753 1 0 0 0
3.66505736019462 1 0 0 0
3.20764712523669 1 0 0 0
3.08826932450756 1 0 0 0
2.60315765626729 1 0 0 0
2.4196669110097 1 0 0 0
2.42710000020452 1 0 0 0
2.50437270733528 1 0 0 0
2.66746236593463 1 0 0 0
2.02361642732285 1 0 0 0
2.48666194966063 1 0 0 0
2.30496458243579 1 0 0 0
2.21873316331767 1 0 0 0
1.92085138405673 1 0 0 0
1.91838486352935 1 0 0 0
1.80974713293836 0 1 0 0
1.70666139456443 0 0 0 0
1.66274269577116 0 0 0 0
1.13733853504527 0 0 0 0
0.940473852097057 0 0 0 0
0.851010139740538 0 0 1 0
0.583956891205162 0 0 1 0
0.483216816064669 0 0 1 0
0.421717246354092 0 0 1 0
0.432668675784953 0 0 0 0
0.345814089087071 0 0 0 0
0.412026092817541 0 0 0 0
0.431845801358577 0 0 0 0
0.439095427282155 0 0 0 0
0.437336188042536 0 0 0 0
0.421645687310956 0 0 0 0
0.327800637023756 0 0 0 0
0.35410858981777 0 0 0 0
0.334211272274842 0 0 0 0
0.299350822388078 0 0 0 0
0.269832691628835 0 0 0 0
0.308644307551731 0 0 0 0
0.35571747503127 0 0 0 0
0.354682419128949 0 0 0 0
0.349609419572516 0 0 0 0
0.529928489413578 0 0 0 0
0.443303724750876 0 0 0 0
0.446332902356517 0 0 0 0
0.409808992117178 0 0 0 0
0.432331158663146 0 0 0 0
0.441146403318271 0 0 0 0
0.404607733798912 0 0 0 0
0.403631289373152 0 0 0 0
0.416972110542702 0 0 0 0
0.385855373679078 0 0 0 0
0.521734451467637 0 0 0 0
0.395255952753359 0 0 0 0
0.385340014872781 0 0 0 0
0.330496534388658 0 0 0 0
0.280504630836731 0 0 0 1
0.203278798380779 0 0 0 1
0.18031363879345 0 0 0 1
0.167158850672422 0 0 0 1
0.070556767965968 0 0 0 1
0.143308146107302 0 0 0 1
0.142268741910812 0 0 0 1
0.191690306337478 0 0 0 1
0.323191146890167 0 0 0 1
0.373297279111284 0 0 0 1
0.533280599483987 0 0 0 1
0.685388418787625 0 0 0 1
0.746533238270786 0 0 0 1
0.88772812159732 0 0 0 1
0.845405083964579 0 0 0 1
0.822097172203939 0 0 0 1
0.760851893573999 0 0 0 1
0.62989452999318 0 0 0 1
0.615857956290711 0 0 0 1
0.56395775754936 0 0 0 1
0.457288053439697 0 0 0 1
0.322351605518634 0 0 0 1
0.2005573369388 0 0 0 1
0.212302340514725 0 0 0 1
0.11399984396121 0 0 0 1
0.177437063939578 0 0 0 1
0.0578401604798273 0 0 0 1
0.243327814132499 0 0 0 1
0.090977923889568 0 0 0 1
0.137444771098671 0 0 0 1
0.0908777133190597 0 0 0 1
0.0257901851909992 0 0 0 1
0 1 0 0 0
0 1 0 0 0
0 1 0 0 0
0 1 0 0 0
0 1 0 0 0
0 1 0 0 0
0 1 0 0 0
0 1 0 0 0
0 1 0 0 0
0 1 0 0 0
0 1 0 0 0
0 1 0 0 0
0 1 0 0 0
0 1 0 0 0
0 1 0 0 0
0 1 0 0 0
0 1 0 0 0
0 1 0 0 0
0 1 0 0 0
0 1 0 0 0
0 1 0 0 0
0 1 0 0 0
0 1 0 0 0
0 1 0 0 0
0 1 0 0 0
0 1 0 0 0
0 1 0 0 0
0 1 0 0 0
0 1 0 0 0
0 1 0 0 0
0 1 0 0 0
0 1 0 0 0
0 1 0 0 0
0 1 0 0 0
0 1 0 0 0
0 1 0 0 0
0 1 0 0 0
0 1 0 0 0
0 1 0 0 0
0 1 0 0 0
0 1 0 0 0
0 1 0 0 0
0 1 0 0 0
0 1 0 0 0
0 1 0 0 0
0 1 0 0 0
0 1 0 0 0
0 1 0 0 0
0 1 0 0 0
0 1 0 0 0
0 1 0 0 0
0 1 0 0 0
0 1 0 0 0
0 1 0 0 0
0 1 0 0 0
0 1 0 0 0
0 1 0 0 0
0 1 0 0 0
0 1 0 0 0
0 1 0 0 0
0 1 0 0 0
0 1 0 0 0
0 1 0 0 0
0 1 0 0 0
0 1 0 0 0
0 1 0 0 0
0 1 0 0 0
0 1 0 0 0
0 1 0 0 0
0 1 0 0 0
0 1 0 0 0
0 1 0 0 0
0 1 0 0 0
0 1 0 0 0
0.0425972991706658 1 0 0 0
0.0170492110669329 1 0 0 0
0.0245022092713043 1 0 0 0
0.0387373384000966 1 0 0 0
0.0417369901697384 1 0 0 0
0.0870115554789663 1 0 0 0
0.0850227233968326 1 0 0 0
0.0474190765089588 1 0 0 0
0.0949534096434945 1 0 0 0
0.129997912154067 1 0 0 0
0.141158842779987 1 0 0 0
0.0211694750760216 1 0 0 0
0 1 0 0 0
0 1 0 0 0
0 1 0 0 0
0 1 0 0 0
0 1 0 0 0
0 1 0 0 0
0 1 0 0 0
0 1 0 0 0
0 1 0 0 0
0 1 0 0 0
0 1 0 0 0
0 1 0 0 0
0 1 0 0 0
0 1 0 0 0
0 1 0 0 0
0 1 0 0 0
0 1 0 0 0
0 1 0 0 0
0 1 0 0 0
0 1 0 0 0
0 1 0 0 0
0 1 0 0 0
0 1 0 0 0
0 1 0 0 0
0 1 0 0 0
0 1 0 0 0
0 1 0 0 0
0 1 0 0 0
0 1 0 0 0
0 1 0 0 0
0 1 0 0 0
0 1 0 0 0
0 1 0 0 0
0 1 0 0 0
0 1 0 0 0
0 1 0 0 0
0 1 0 0 0
0.184731325134635 1 0 0 0
0.264127274931525 1 0 0 0
0.343285544659011 0 1 0 0
0.43795699821203 0 0 0 0
0.485296550323255 0 0 0 0
0.522193688084371 0 0 0 0
0.474065818707459 0 0 0 0
0.417598756030202 0 0 1 0
0.370982186723268 0 0 1 0
0.0189268924941643 0 0 1 0
0 0 0 1 0
0 0 0 1 0
0 0 0 0 0
0 0 0 0 0
0 0 0 0 0
0 0 0 0 0
0 0 0 0 0
0 0 0 0 0
0 0 0 0 0
0 0 0 0 0
0 0 0 0 0
0 0 0 0 0
0 0 0 0 0
0 0 0 0 0
0 0 0 0 0
0 0 0 0 0
0 0 0 0 0
0 0 0 0 0
0 0 0 0 0
0 0 0 0 0
0 0 0 0 0
0 0 0 0 0
0 0 0 0 0
0 0 0 0 0
0 0 0 0 0
0 0 0 0 0
0 0 0 0 0
0 0 0 0 0
0 0 0 0 0
0 0 0 0 0
0 0 0 0 0
0 0 0 0 0
0 0 0 0 1
0 0 0 0 1
0 0 0 0 1
0 0 0 0 1
0 0 0 0 1
0 0 0 0 1
0 0 0 0 1
0 0 0 0 1
0 0 0 0 1
0 0 0 0 1
0 0 0 0 1
0 0 0 0 1
0 0 0 0 1
0 0 0 0 1
0 0 0 0 1
0 0 0 0 1
0 0 0 0 1
0 0 0 0 1
0 0 0 0 1
0 0 0 0 1
0 0 0 0 1
0 0 0 0 1
0 0 0 0 1
0 0 0 0 1
0 0 0 0 1
0 0 0 0 1
0 0 0 0 1
0 0 0 0 1
0 0 0 0 1
0 0 0 0 1
0 0 0 0 1
0 0 0 0 1
0 1 0 0 0
0 1 0 0 0
0 1 0 0 0
0 1 0 0 0
0 1 0 0 0
0 1 0 0 0
0 1 0 0 0
0 1 0 0 0
0 1 0 0 0
0 1 0 0 0
0 1 0 0 0
0 1 0 0 0
0 1 0 0 0
0 1 0 0 0
0 1 0 0 0
0 1 0 0 0
0 1 0 0 0
0 1 0 0 0
0 1 0 0 0
0 1 0 0 0
0 1 0 0 0
0 1 0 0 0
0 1 0 0 0
0 1 0 0 0
0 1 0 0 0
0.00293697257802705 1 0 0 0
0 1 0 0 0
0.00342870970371223 1 0 0 0
0 1 0 0 0
0 1 0 0 0
0 1 0 0 0
0 1 0 0 0
0 1 0 0 0
0 1 0 0 0
0 1 0 0 0
0 1 0 0 0
0 1 0 0 0
0 1 0 0 0
0 1 0 0 0
0 1 0 0 0
0 1 0 0 0
0 1 0 0 0
0 1 0 0 0
0 1 0 0 0
0 1 0 0 0
0 1 0 0 0
0 1 0 0 0
0 1 0 0 0
0 1 0 0 0
0 1 0 0 0
0 1 0 0 0
0 1 0 0 0
0 1 0 0 0
0 1 0 0 0
0 1 0 0 0
0 1 0 0 0
0 1 0 0 0
0 1 0 0 0
0 1 0 0 0
0 1 0 0 0
0 1 0 0 0
0 1 0 0 0
0 1 0 0 0
0 1 0 0 0
0 1 0 0 0
0 1 0 0 0
0 1 0 0 0
0 1 0 0 0
0 1 0 0 0
0 1 0 0 0
0 1 0 0 0
0 1 0 0 0
0 1 0 0 0
0 1 0 0 0
0 1 0 0 0
0 1 0 0 0
0 1 0 0 0
0 1 0 0 0
0 1 0 0 0
0 1 0 0 0
0 1 0 0 0
0 1 0 0 0
0 1 0 0 0
0 1 0 0 0
0 1 0 0 0
0 1 0 0 0
0 1 0 0 0
0 1 0 0 0
0 1 0 0 0
0 1 0 0 0
0 1 0 0 0
0 1 0 0 0
0 1 0 0 0
0 1 0 0 0
0 1 0 0 0
0 1 0 0 0
0 1 0 0 0
0 1 0 0 0
0 1 0 0 0
0 1 0 0 0
0 1 0 0 0
0 1 0 0 0
0 1 0 0 0
0 1 0 0 0
0 1 0 0 0
0 1 0 0 0
0 1 0 0 0
0 1 0 0 0
0 1 0 0 0
0 1 0 0 0
0 1 0 0 0
0 1 0 0 0
0 1 0 0 0
0 1 0 0 0
0 1 0 0 0
0 1 0 0 0
0 1 0 0 0
0 1 0 0 0
0 1 0 0 0
0 1 0 0 0
0 1 0 0 0
0 1 0 0 0
0 1 0 0 0
0 1 0 0 0
0 1 0 0 0
0 0 1 0 0
0 0 0 0 0
0 0 0 0 0
0 0 0 1 0
0 0 0 1 0
0 0 0 1 0
0 0 0 1 0
0 0 0 1 0
0 0 0 0 0
0 0 0 0 0
0 0 0 0 0
0 0 0 0 0
0 0 0 0 0
0 0 0 0 0
0 0 0 0 0
0 0 0 0 0
0 0 0 0 0
0 0 0 0 0
0 0 0 0 0
0 0 0 0 0
0 0 0 0 0
0 0 0 0 0
0 0 0 0 0
0 0 0 0 0
0 0 0 0 0
0 0 0 0 0
0 0 0 0 0
0 0 0 0 0
0 0 0 0 0
0 0 0 0 0
0 0 0 0 0
0 0 0 0 0
0 0 0 0 0
0 0 0 0 0
0 0 0 0 0
0 0 0 0 0
0 0 0 0 0
0 0 0 0 0
0 0 0 0 1
0 0 0 0 1
0 0 0 0 1
0 0 0 0 1
0 0 0 0 1
0 0 0 0 1
0 0 0 0 1
0 0 0 0 1
0 0 0 0 1
0 0 0 0 1
0 0 0 0 1
0 0 0 0 1
0 0 0 0 1
0 0 0 0 1
0 0 0 0 1
0 0 0 0 1
0 0 0 0 1
0 0 0 0 1
0 0 0 0 1
0 0 0 0 1
0 0 0 0 1
0 0 0 0 1
0 0 0 0 1
0 0 0 0 1
0 0 0 0 1
0 0 0 0 1
0 0 0 0 1
0 0 0 0 1
0 0 0 0 1
0 0 0 0 1
0 0 0 0 1
0 0 0 0 1
0 1 0 0 0
0 1 0 0 0
0 1 0 0 0
0 1 0 0 0
0 1 0 0 0
0 1 0 0 0
0 1 0 0 0
0 1 0 0 0
0 1 0 0 0
0 1 0 0 0
0 1 0 0 0
0 1 0 0 0
0 1 0 0 0
0 1 0 0 0
0 1 0 0 0
0 1 0 0 0
0 1 0 0 0
0 1 0 0 0
0 1 0 0 0
0 1 0 0 0
0 1 0 0 0
0 1 0 0 0
0 1 0 0 0
0 1 0 0 0
0 1 0 0 0
0 1 0 0 0
0 1 0 0 0
0 1 0 0 0
0 1 0 0 0
0 1 0 0 0
0 1 0 0 0
0 1 0 0 0
0 1 0 0 0
0 1 0 0 0
0 1 0 0 0
0 1 0 0 0
0 1 0 0 0
0 1 0 0 0
0 1 0 0 0
0 1 0 0 0
0 1 0 0 0
0 1 0 0 0
0 1 0 0 0
0 1 0 0 0
0 1 0 0 0
0 1 0 0 0
0 1 0 0 0
0 1 0 0 0
0 1 0 0 0
0 1 0 0 0
0.0352256943187967 1 0 0 0
0 1 0 0 0
0 1 0 0 0
0 1 0 0 0
0.0123874269775115 1 0 0 0
0 1 0 0 0
0 1 0 0 0
0 1 0 0 0
0 1 0 0 0
0 1 0 0 0
0 1 0 0 0
0.0414080900554836 1 0 0 0
0 1 0 0 0
0.0906459990801523 1 0 0 0
0.112694364361232 1 0 0 0
0.250933971983613 1 0 0 0
0.145960971167369 1 0 0 0
0.142388047606801 1 0 0 0
0.163737869115721 1 0 0 0
0.173505998645851 1 0 0 0
0.195865894511371 1 0 0 0
0.147734303936886 1 0 0 0
0.0571610430597502 1 0 0 0
0.0368585842807079 1 0 0 0
0 1 0 0 0
0 1 0 0 0
0 1 0 0 0
0 1 0 0 0
0 1 0 0 0
0 1 0 0 0
0 1 0 0 0
0 1 0 0 0
0 1 0 0 0
0 1 0 0 0
0 1 0 0 0
0 1 0 0 0
0 1 0 0 0
0 1 0 0 0
0 1 0 0 0
0 1 0 0 0
0 1 0 0 0
0 1 0 0 0
0 1 0 0 0
0 1 0 0 0
0 1 0 0 0
0 1 0 0 0
0 1 0 0 0
0 1 0 0 0
0 1 0 0 0
0 1 0 0 0
0.0542604848305928 1 0 0 0
0 1 0 0 0
0 1 0 0 0
0.113568536562525 1 0 0 0
0.183137961812463 1 0 0 0
0.0382511516363593 1 0 0 0
0.204734812996321 1 0 0 0
0.215914672935469 1 0 0 0
0.514665445280116 1 0 0 0
0.386133890970086 1 0 0 0
0.54725363952457 1 0 0 0
0.253139674896374 1 0 0 0
0.21670349087799 1 0 0 0
0.0112399986846867 1 0 0 0
0 1 0 0 0
0 1 0 0 0
0 1 0 0 0
0 1 0 0 0
0 1 0 0 0
0 1 0 0 0
0 1 0 0 0
0 1 0 0 0
0 1 0 0 0
0 1 0 0 0
0 1 0 0 0
0 0 1 0 0
0 0 0 0 0
0 0 0 0 0
0 0 0 0 0
0 0 0 0 0
0 0 0 1 0
0 0 0 1 0
0 0 0 1 0
0 0 0 1 0
0 0 0 0 0
0 0 0 0 0
0 0 0 0 0
0 0 0 0 0
0 0 0 0 0
0 0 0 0 0
0 0 0 0 0
0 0 0 0 0
0 0 0 0 0
0 0 0 0 0
0 0 0 0 0
0 0 0 0 0
0 0 0 0 0
0 0 0 0 0
0 0 0 0 0
0 0 0 0 0
0 0 0 0 0
0 0 0 0 0
0 0 0 0 0
0 0 0 0 0
0 0 0 0 0
0 0 0 0 0
0 0 0 0 0
0 0 0 0 0
0 0 0 0 0
0 0 0 0 0
0 0 0 0 0
0 0 0 0 0
0 0 0 0 0
0 0 0 0 0
0 0 0 0 1
0 0 0 0 1
0 0 0 0 1
0 0 0 0 1
0 0 0 0 1
0 0 0 0 1
0 0 0 0 1
0 0 0 0 1
0 0 0 0 1
0 0 0 0 1
0 0 0 0 1
0 0 0 0 1
0 0 0 0 1
0 0 0 0 1
0 0 0 0 1
0 0 0 0 1
0 0 0 0 1
0 0 0 0 1
0 0 0 0 1
0 0 0 0 1
0 0 0 0 1
0 0 0 0 1
0 0 0 0 1
0 0 0 0 1
0 0 0 0 1
0 0 0 0 1
0 0 0 0 1
0 0 0 0 1
0 0 0 0 1
0 0 0 0 1
0 0 0 0 1
0 0 0 0 1
0 1 0 0 0
0 1 0 0 0
0 1 0 0 0
0 1 0 0 0
0 1 0 0 0
0 1 0 0 0
0 1 0 0 0
0 1 0 0 0
0 1 0 0 0
0 1 0 0 0
0 1 0 0 0
0 1 0 0 0
0 1 0 0 0
0 1 0 0 0
0 1 0 0 0
0 1 0 0 0
0 1 0 0 0
0 1 0 0 0
0 1 0 0 0
0 1 0 0 0
0 1 0 0 0
0 1 0 0 0
0 1 0 0 0
0 1 0 0 0
0 1 0 0 0
0 1 0 0 0
0 1 0 0 0
0 1 0 0 0
0 1 0 0 0
0 1 0 0 0
0 1 0 0 0
0 1 0 0 0
0 1 0 0 0
0 1 0 0 0
0 1 0 0 0
0 1 0 0 0
0 1 0 0 0
0 1 0 0 0
0 1 0 0 0
0 1 0 0 0
0 1 0 0 0
0 1 0 0 0
0 1 0 0 0
0 1 0 0 0
0 1 0 0 0
0 1 0 0 0
0 1 0 0 0
0 1 0 0 0
0 1 0 0 0
0 1 0 0 0
0 1 0 0 0
0 1 0 0 0
0 1 0 0 0
0 1 0 0 0
0 1 0 0 0
0 1 0 0 0
0 1 0 0 0
0 1 0 0 0
0 1 0 0 0
0 1 0 0 0
0.0276547953035333 1 0 0 0
0 1 0 0 0
0 1 0 0 0
0 1 0 0 0
0 1 0 0 0
0 1 0 0 0
0 1 0 0 0
0 1 0 0 0
0 1 0 0 0
0 1 0 0 0
0 1 0 0 0
0 1 0 0 0
0 1 0 0 0
0 1 0 0 0
0 1 0 0 0
0 1 0 0 0
0 1 0 0 0
0 1 0 0 0
0 1 0 0 0
0 1 0 0 0
0 1 0 0 0
0 1 0 0 0
0 1 0 0 0
0 1 0 0 0
0 1 0 0 0
0 1 0 0 0
0 1 0 0 0
0 1 0 0 0
0 1 0 0 0
0 1 0 0 0
0 1 0 0 0
0 1 0 0 0
0 1 0 0 0
0 1 0 0 0
0 1 0 0 0
0 1 0 0 0
0 1 0 0 0
0 1 0 0 0
0 1 0 0 0
0 1 0 0 0
0 1 0 0 0
0 1 0 0 0
0 1 0 0 0
0 1 0 0 0
0 1 0 0 0
0 1 0 0 0
0 1 0 0 0
0 1 0 0 0
0 1 0 0 0
0 1 0 0 0
0 1 0 0 0
0 1 0 0 0
0 1 0 0 0
0 1 0 0 0
0 1 0 0 0
0 1 0 0 0
0 1 0 0 0
0 1 0 0 0
0 1 0 0 0
0 1 0 0 0
0 1 0 0 0
0 1 0 0 0
0 1 0 0 0
0 1 0 0 0
0 1 0 0 0
0 0 1 0 0
0 0 0 0 0
0 0 0 0 0
0 0 0 0 0
0 0 0 1 0
0 0 0 1 0
0 0 0 1 0
0 0 0 1 0
0 0 0 0 0
0 0 0 0 0
0 0 0 0 0
0 0 0 0 0
0 0 0 0 0
0.281666593764385 0 0 0 0
0 0 0 0 0
0.234617997193709 0 0 0 0
0.363911456588539 0 0 0 0
0.179561131517403 0 0 0 0
0.387630210752832 0 0 0 0
0.335844893925241 0 0 0 0
0.316019351885188 0 0 0 0
0 0 0 0 0
0.243882281210972 0 0 0 0
0 0 0 0 0
0 0 0 0 0
0 0 0 0 0
0 0 0 0 0
0 0 0 0 0
0 0 0 0 0
0 0 0 0 0
0 0 0 0 0
0 0 0 0 0
0 0 0 0 0
0 0 0 0 0
0 0 0 0 0
0 0 0 0 0
0 0 0 0 0
0 0 0 0 0
0 0 0 0 1
0 0 0 0 1
0 0 0 0 1
0 0 0 0 1
0 0 0 0 1
0 0 0 0 1
0 0 0 0 1
0 0 0 0 1
0 0 0 0 1
0 0 0 0 1
0 0 0 0 1
0 0 0 0 1
0 0 0 0 1
0 0 0 0 1
0 0 0 0 1
0 0 0 0 1
0 0 0 0 1
0 0 0 0 1
0 0 0 0 1
0 0 0 0 1
0 0 0 0 1
0 0 0 0 1
0 0 0 0 1
0 0 0 0 1
0 0 0 0 1
0 0 0 0 1
0 0 0 0 1
0 0 0 0 1
0 0 0 0 1
0 0 0 0 1
0 0 0 0 1
0 0 0 0 1
0 1 0 0 0
0 1 0 0 0
0 1 0 0 0
0 1 0 0 0
0 1 0 0 0
0 1 0 0 0
0 1 0 0 0
0 1 0 0 0
0 1 0 0 0
0 1 0 0 0
0 1 0 0 0
0 1 0 0 0
0 1 0 0 0
0 1 0 0 0
0 1 0 0 0
0 1 0 0 0
0 1 0 0 0
0 1 0 0 0
0 1 0 0 0
0 1 0 0 0
0 1 0 0 0
0 1 0 0 0
0 1 0 0 0
0 1 0 0 0
0 1 0 0 0
0 1 0 0 0
0 1 0 0 0
0 1 0 0 0
0 1 0 0 0
0 1 0 0 0
0 1 0 0 0
0 1 0 0 0
0 1 0 0 0
0 1 0 0 0
0 1 0 0 0
0 1 0 0 0
0 1 0 0 0
0 1 0 0 0
0 1 0 0 0
0 1 0 0 0
0 1 0 0 0
0 1 0 0 0
0 1 0 0 0
0 1 0 0 0
0 1 0 0 0
0 1 0 0 0
0 1 0 0 0
0 1 0 0 0
0 1 0 0 0
0 1 0 0 0
0 1 0 0 0
0 1 0 0 0
0 1 0 0 0
0 1 0 0 0
0 1 0 0 0
0 1 0 0 0
0 1 0 0 0
0 1 0 0 0
0 1 0 0 0
0 1 0 0 0
0 1 0 0 0
0 1 0 0 0
0 1 0 0 0
0 1 0 0 0
0 1 0 0 0
0 1 0 0 0
0 1 0 0 0
0 1 0 0 0
0 1 0 0 0
0 1 0 0 0
0 1 0 0 0
0 1 0 0 0
0 1 0 0 0
0 1 0 0 0
0 1 0 0 0
0 1 0 0 0
0 1 0 0 0
0 1 0 0 0
0 1 0 0 0
0 1 0 0 0
0 1 0 0 0
0 1 0 0 0
0 1 0 0 0
0 1 0 0 0
0 1 0 0 0
0 1 0 0 0
0 1 0 0 0
0 1 0 0 0
0 1 0 0 0
0 1 0 0 0
0 1 0 0 0
0 1 0 0 0
0 1 0 0 0
0 1 0 0 0
0 1 0 0 0
0 1 0 0 0
0 1 0 0 0
0 1 0 0 0
0 1 0 0 0
0 1 0 0 0
0 1 0 0 0
0 1 0 0 0
0 1 0 0 0
0 1 0 0 0
0 1 0 0 0
0 1 0 0 0
0 1 0 0 0
0 1 0 0 0
0 1 0 0 0
0 1 0 0 0
0 1 0 0 0
0 1 0 0 0
0 1 0 0 0
0 1 0 0 0
0 1 0 0 0
0 1 0 0 0
0 1 0 0 0
0 1 0 0 0
0 1 0 0 0
0 1 0 0 0
0 1 0 0 0
0 1 0 0 0
0 1 0 0 0
0 1 0 0 0
0 1 0 0 0
0 0 1 0 0
0 0 0 0 0
0 0 0 0 0
0 0 0 0 0
0 0 0 0 0
0 0 0 1 0
0 0 0 1 0
0 0 0 1 0
0 0 0 0 0
0 0 0 0 0
0 0 0 0 0
0 0 0 0 0
0 0 0 0 0
0 0 0 0 0
0 0 0 0 0
0 0 0 0 0
0 0 0 0 0
0 0 0 0 0
0 0 0 0 0
0 0 0 0 0
0 0 0 0 0
0 0 0 0 0
0 0 0 0 0
0 0 0 0 0
0 0 0 0 0
0 0 0 0 0
0 0 0 0 0
0 0 0 0 0
0 0 0 0 0
0 0 0 0 0
0 0 0 0 0
0 0 0 0 0
0 0 0 0 0
0 0 0 0 0
0 0 0 0 0
0 0 0 0 0
0 0 0 0 0
0 0 0 0 0
0 0 0 0 1
0 0 0 0 1
0 0 0 0 1
0 0 0 0 1
0 0 0 0 1
0 0 0 0 1
0 0 0 0 1
0 0 0 0 1
0 0 0 0 1
0 0 0 0 1
0 0 0 0 1
0 0 0 0 1
0 0 0 0 1
0 0 0 0 1
0 0 0 0 1
0 0 0 0 1
0 0 0 0 1
0 0 0 0 1
0 0 0 0 1
0 0 0 0 1
0 0 0 0 1
0 0 0 0 1
0 0 0 0 1
0 0 0 0 1
0 0 0 0 1
0 0 0 0 1
0 0 0 0 1
0 0 0 0 1
0 0 0 0 1
0 0 0 0 1
0 0 0 0 1
0 0 0 0 1
0.0277982086345219 1 0 0 0
0.00271228964265902 1 0 0 0
0 1 0 0 0
0 1 0 0 0
0 1 0 0 0
0 1 0 0 0
0 1 0 0 0
0 1 0 0 0
0 1 0 0 0
0 1 0 0 0
0.00755563542043092 1 0 0 0
0 1 0 0 0
0 1 0 0 0
0 1 0 0 0
0 1 0 0 0
0 1 0 0 0
0 1 0 0 0
0 1 0 0 0
0 1 0 0 0
0 1 0 0 0
0 1 0 0 0
0 1 0 0 0
0 1 0 0 0
0 1 0 0 0
0 1 0 0 0
0 1 0 0 0
0 1 0 0 0
0 1 0 0 0
0 1 0 0 0
0 1 0 0 0
0 1 0 0 0
0 1 0 0 0
0 1 0 0 0
0 1 0 0 0
0 1 0 0 0
0 1 0 0 0
0 1 0 0 0
0 1 0 0 0
0 1 0 0 0
0 1 0 0 0
0 1 0 0 0
0 1 0 0 0
0 1 0 0 0
0 1 0 0 0
0 1 0 0 0
0 1 0 0 0
0 1 0 0 0
0 1 0 0 0
0 1 0 0 0
0 1 0 0 0
0 1 0 0 0
0 1 0 0 0
0 1 0 0 0
0 1 0 0 0
0 1 0 0 0
0 1 0 0 0
0 1 0 0 0
0 1 0 0 0
0 1 0 0 0
0 1 0 0 0
0 1 0 0 0
0 1 0 0 0
0 1 0 0 0
0 1 0 0 0
0 1 0 0 0
0 1 0 0 0
0 1 0 0 0
0 1 0 0 0
0 1 0 0 0
0 1 0 0 0
0 1 0 0 0
0 1 0 0 0
0 1 0 0 0
0 1 0 0 0
0 1 0 0 0
0 1 0 0 0
0 1 0 0 0
0 1 0 0 0
0 1 0 0 0
0 1 0 0 0
0 1 0 0 0
0 1 0 0 0
0 1 0 0 0
0 1 0 0 0
0 1 0 0 0
0 1 0 0 0
0 1 0 0 0
0 1 0 0 0
0 1 0 0 0
0 1 0 0 0
0 1 0 0 0
0 1 0 0 0
0 1 0 0 0
0 1 0 0 0
0 1 0 0 0
0 1 0 0 0
0 1 0 0 0
0 1 0 0 0
0 1 0 0 0
0 1 0 0 0
0 1 0 0 0
0 1 0 0 0
0 1 0 0 0
0 1 0 0 0
0 1 0 0 0
0 1 0 0 0
0 1 0 0 0
0 1 0 0 0
0 1 0 0 0
0 1 0 0 0
0 1 0 0 0
0 1 0 0 0
0 1 0 0 0
0 1 0 0 0
0 1 0 0 0
0 1 0 0 0
0 1 0 0 0
0 1 0 0 0
0 1 0 0 0
0 1 0 0 0
0 1 0 0 0
0 1 0 0 0
0 1 0 0 0
0 1 0 0 0
0 1 0 0 0
0 0 1 0 0
0 0 0 0 0
0 0 0 0 0
0 0 0 0 0
0 0 0 0 0
0 0 0 0 0
0 0 0 1 0
0 0 0 1 0
0 0 0 1 0
0 0 0 1 0
0 0 0 0 0
0 0 0 0 0
0 0 0 0 0
0 0 0 0 0
0 0 0 0 0
0 0 0 0 0
0 0 0 0 0
0 0 0 0 0
0 0 0 0 0
0 0 0 0 0
0 0 0 0 0
0 0 0 0 0
0 0 0 0 0
0 0 0 0 0
0 0 0 0 0
0 0 0 0 0
0 0 0 0 0
0 0 0 0 0
0 0 0 0 0
0 0 0 0 0
0 0 0 0 0
0 0 0 0 0
0 0 0 0 0
0 0 0 0 0
0 0 0 0 0
0 0 0 0 0
0 0 0 0 0
0 0 0 0 0
0 0 0 0 0
0 0 0 0 0
0 0 0 0 1
0 0 0 0 1
0 0 0 0 1
0 0 0 0 1
0 0 0 0 1
0 0 0 0 1
0 0 0 0 1
0 0 0 0 1
0 0 0 0 1
0 0 0 0 1
0 0 0 0 1
0 0 0 0 1
0 0 0 0 1
0 0 0 0 1
0 0 0 0 1
0 0 0 0 1
0 0 0 0 1
0 0 0 0 1
0 0 0 0 1
0 0 0 0 1
0 0 0 0 1
0 0 0 0 1
0 0 0 0 1
0 0 0 0 1
0 0 0 0 1
0 0 0 0 1
0 0 0 0 1
0 0 0 0 1
0 0 0 0 1
0 0 0 0 1
0 0 0 0 1
0 0 0 0 1
0 1 0 0 0
0 1 0 0 0
0 1 0 0 0
0 1 0 0 0
0 1 0 0 0
0 1 0 0 0
0 1 0 0 0
0 1 0 0 0
0 1 0 0 0
0 1 0 0 0
0 1 0 0 0
0 1 0 0 0
0 1 0 0 0
0 1 0 0 0
0 1 0 0 0
0 1 0 0 0
0 1 0 0 0
0 1 0 0 0
0 1 0 0 0
0 1 0 0 0
0 1 0 0 0
0 1 0 0 0
0 1 0 0 0
0 1 0 0 0
0 1 0 0 0
0 1 0 0 0
0 1 0 0 0
0 1 0 0 0
0 1 0 0 0
0 1 0 0 0
0 1 0 0 0
0 1 0 0 0
0 1 0 0 0
0 1 0 0 0
0 1 0 0 0
0 1 0 0 0
0 1 0 0 0
0 1 0 0 0
0 1 0 0 0
0 1 0 0 0
0 1 0 0 0
0 1 0 0 0
0 1 0 0 0
0 1 0 0 0
0 1 0 0 0
0 1 0 0 0
0 1 0 0 0
0 1 0 0 0
0 1 0 0 0
0 1 0 0 0
0 1 0 0 0
0 1 0 0 0
0 1 0 0 0
0 1 0 0 0
0 1 0 0 0
0 1 0 0 0
0 1 0 0 0
0 1 0 0 0
0 1 0 0 0
0 1 0 0 0
0 1 0 0 0
0 1 0 0 0
0 1 0 0 0
0 1 0 0 0
0 1 0 0 0
0 1 0 0 0
0 1 0 0 0
0 1 0 0 0
0 1 0 0 0
0 1 0 0 0
0 1 0 0 0
0 1 0 0 0
0 1 0 0 0
0 1 0 0 0
0 1 0 0 0
0 1 0 0 0
0 1 0 0 0
0 1 0 0 0
0 1 0 0 0
0 1 0 0 0
0 1 0 0 0
0 1 0 0 0
0 1 0 0 0
0 1 0 0 0
0 1 0 0 0
0 1 0 0 0
0 1 0 0 0
0 1 0 0 0
0 1 0 0 0
0 1 0 0 0
0 1 0 0 0
0 1 0 0 0
0 1 0 0 0
0 1 0 0 0
0 1 0 0 0
0 1 0 0 0
0 1 0 0 0
0 1 0 0 0
0 1 0 0 0
0 1 0 0 0
0 1 0 0 0
0 1 0 0 0
0 1 0 0 0
0 1 0 0 0
0 1 0 0 0
0 1 0 0 0
0 1 0 0 0
0 1 0 0 0
0 1 0 0 0
0 1 0 0 0
0 1 0 0 0
0 1 0 0 0
0 1 0 0 0
0 1 0 0 0
0 1 0 0 0
0 1 0 0 0
0 1 0 0 0
0 1 0 0 0
0 1 0 0 0
0 1 0 0 0
0 1 0 0 0
0 1 0 0 0
0 1 0 0 0
0 1 0 0 0
0 1 0 0 0
0 0 1 0 0
0 0 0 0 0
0 0 0 0 0
0 0 0 0 0
0 0 0 0 0
0 0 0 0 0
0 0 0 1 0
0 0 0 1 0
0 0 0 1 0
0 0 0 0 0
0 0 0 0 0
0 0 0 0 0
0 0 0 0 0
0 0 0 0 0
0 0 0 0 0
0 0 0 0 0
0 0 0 0 0
0 0 0 0 0
0 0 0 0 0
0 0 0 0 0
0 0 0 0 0
0 0 0 0 0
0 0 0 0 0
0 0 0 0 0
0 0 0 0 0
0 0 0 0 0
0 0 0 0 0
0 0 0 0 0
0 0 0 0 0
0 0 0 0 0
0 0 0 0 0
0 0 0 0 0
0 0 0 0 0
0 0 0 0 0
0 0 0 0 0
0 0 0 0 0
0 0 0 0 0
0 0 0 0 0
0 0 0 0 0
0 0 0 0 1
0 0 0 0 1
0 0 0 0 1
0 0 0 0 1
0 0 0 0 1
0 0 0 0 1
0 0 0 0 1
0 0 0 0 1
0 0 0 0 1
0 0 0 0 1
0 0 0 0 1
0 0 0 0 1
0 0 0 0 1
0 0 0 0 1
0 0 0 0 1
0 0 0 0 1
0 0 0 0 1
0 0 0 0 1
0 0 0 0 1
0 0 0 0 1
0 0 0 0 1
0 0 0 0 1
0 0 0 0 1
0 0 0 0 1
0 0 0 0 1
0 0 0 0 1
0 0 0 0 1
0 0 0 0 1
0 0 0 0 1
0 0 0 0 1
0 0 0 0 1
0 0 0 0 1
7.96862062998116 1 0 0 0
6.92161463666707 1 0 0 0
5.92781836166978 1 0 0 0
4.92682424373925 1 0 0 0
3.75638453988358 1 0 0 0
3.8140844553709 1 0 0 0
3.62459378084168 1 0 0 0
3.7953604478389 1 0 0 0
4.7636870876886 1 0 0 0
6.11890340223908 1 0 0 0
6.78061717189848 1 0 0 0
9.4182207249105 1 0 0 0
10.6777165783569 1 0 0 0
12.7400406636298 1 0 0 0
12.6469935057685 1 0 0 0
11.8043774273247 1 0 0 0
10.0131359649822 1 0 0 0
9.31147974915802 1 0 0 0
8.09535919688642 1 0 0 0
7.112160557881 1 0 0 0
5.82096184371039 1 0 0 0
6.08004990499467 1 0 0 0
5.84652717225254 1 0 0 0
5.94099401496351 1 0 0 0
6.18297304026783 1 0 0 0
6.73812534660101 1 0 0 0
7.49661528971046 1 0 0 0
8.32325790543109 1 0 0 0
8.75398819334805 1 0 0 0
9.7487160237506 1 0 0 0
10.5216221418232 1 0 0 0
12.5039212871343 1 0 0 0
11.1696710810065 1 0 0 0
11.3258217461407 1 0 0 0
9.7388660069555 1 0 0 0
8.55671265162528 1 0 0 0
7.75507278740406 1 0 0 0
6.81717600673437 1 0 0 0
5.86592394392937 1 0 0 0
5.03082876093686 1 0 0 0
4.49682300677523 1 0 0 0
3.57922137482092 1 0 0 0
3.20037011988461 1 0 0 0
2.86696018883958 1 0 0 0
2.98262797878124 1 0 0 0
2.92147404979914 1 0 0 0
3.15727587440051 1 0 0 0
3.30488872714341 1 0 0 0
3.53383139008656 1 0 0 0
4.06999397091568 1 0 0 0
5.37758861901239 1 0 0 0
5.91155409347266 1 0 0 0
7.25921185221523 1 0 0 0
8.86003952473402 1 0 0 0
9.85369610134512 1 0 0 0
11.5511976182461 1 0 0 0
12.0087831746787 1 0 0 0
13.3799333125353 1 0 0 0
13.9572285115719 1 0 0 0
14.146265340969 1 0 0 0
14.00983100757 1 0 0 0
14.4011115189642 1 0 0 0
14.5089926663786 1 0 0 0
14.4305143039674 1 0 0 0
13.2159243803471 1 0 0 0
12.1987489983439 1 0 0 0
10.9121215064079 1 0 0 0
10.7683144742623 1 0 0 0
10.1497652940452 1 0 0 0
10.3182692546397 1 0 0 0
9.91319713648409 1 0 0 0
9.62607318069786 1 0 0 0
9.27669857628644 1 0 0 0
9.01389739010483 1 0 0 0
8.51341732777655 1 0 0 0
8.88397765811533 1 0 0 0
7.78696325141937 1 0 0 0
8.28356330748647 1 0 0 0
8.21093248669058 1 0 0 0
9.55656648147851 1 0 0 0
10.4157604509965 1 0 0 0
12.5765050761402 1 0 0 0
13.1973417010158 1 0 0 0
14.8603632114828 1 0 0 0
15.0968260131776 1 0 0 0
16.7158404365182 1 0 0 0
16.4980764966458 1 0 0 0
15.9401404671371 1 0 0 0
14.3445048015565 1 0 0 0
12.8810580354184 1 0 0 0
11.3721410743892 1 0 0 0
8.92497436143458 1 0 0 0
7.75617198087275 1 0 0 0
6.07112643774599 1 0 0 0
4.86806058324873 1 0 0 0
4.32872661622241 1 0 0 0
3.35452589206398 1 0 0 0
2.61160024092533 1 0 0 0
2.25026038242504 1 0 0 0
1.66187735158019 1 0 0 0
1.7519077664474 1 0 0 0
1.75256392685696 1 0 0 0
1.76395892049186 1 0 0 0
1.8608244281495 1 0 0 0
2.3892007448012 1 0 0 0
2.80516821658239 1 0 0 0
3.16189514705911 1 0 0 0
3.74848276260309 1 0 0 0
4.23391183721833 1 0 0 0
4.9062113976106 1 0 0 0
5.33448404166847 1 0 0 0
6.28623203374445 1 0 0 0
5.72695437585935 1 0 0 0
5.74255164247006 1 0 0 0
5.044789344538 1 0 0 0
4.53284417744726 1 0 0 0
4.10049105994403 1 0 0 0
3.58193489955738 1 0 0 0
3.5627851029858 1 0 0 0
3.50462965434417 1 0 0 0
3.59408120857552 1 0 0 0
3.0637921881862 1 0 0 0
3.10610141605139 1 0 0 0
2.5772454100661 1 0 0 0
2.81531360815279 1 0 0 0
2.54895744728856 0 1 0 0
2.74719088338315 0 0 0 0
2.13941052788869 0 0 0 0
2.29786825366318 0 0 0 0
2.34917685156688 0 0 0 0
2.23577450378798 0 0 1 0
1.71174190472811 0 0 1 0
1.67562751448713 0 0 1 0
1.39880472852383 0 0 0 0
1.47678238863591 0 0 0 0
1.25131697132019 0 0 0 0
1.49258896999527 0 0 0 0
1.56602977040166 0 0 0 0
2.034085613559 0 0 0 0
2.77281242597383 0 0 0 0
4.58273006370291 0 0 0 0
8.49019724410027 0 0 0 0
13.0406527314335 0 0 0 0
14.768771128729 0 0 0 0
13.5132991708815 0 0 0 0
13.0585075821728 0 0 0 0
10.6491697952151 0 0 0 0
9.30974388029426 0 0 0 0
8.2557809073478 0 0 0 0
6.60893484018743 0 0 0 0
5.31596777727827 0 0 0 0
4.0042067412287 0 0 0 0
3.16718840622343 0 0 0 0
2.48117308365181 0 0 0 0
2.01397037017159 0 0 0 0
1.43863963603508 0 0 0 0
1.14215111534577 0 0 0 0
0.813950347946957 0 0 0 0
0.814049388282001 0 0 0 0
0.692795365466736 0 0 0 0
0.827281859528739 0 0 0 0
0.942235070397146 0 0 0 0
1.10082166793291 0 0 0 0
1.21026110718958 0 0 0 1
1.21697246504482 0 0 0 1
1.2257923517609 0 0 0 1
1.20029030949809 0 0 0 1
1.22667357209139 0 0 0 1
1.09748613613192 0 0 0 1
0.869414318003692 0 0 0 1
0.747485864849295 0 0 0 1
0.732982793124393 0 0 0 1
0.590897252550349 0 0 0 1
0.501101483678212 0 0 0 1
0.340793138093431 0 0 0 1
0.38091468741186 0 0 0 1
0.274525857093977 0 0 0 1
0.304736016460083 0 0 0 1
0.344681691785809 0 0 0 1
0.440936304585193 0 0 0 1
0.673139344144147 0 0 0 1
0.762121795560233 0 0 0 1
1.08874480065424 0 0 0 1
1.27821629575919 0 0 0 1
1.93798285908997 0 0 0 1
2.64779024291784 0 0 0 1
3.56043249485083 0 0 0 1
4.65812790207565 0 0 0 1
5.27994078584015 0 0 0 1
6.74902513856068 0 0 0 1
7.76528380811214 0 0 0 1
6.64720521308482 0 0 0 1
6.10882428009063 0 0 0 1
5.1383669488132 0 0 0 1
4.63240349199623 0 0 0 1
0 1 0 0 0
0 1 0 0 0
0 1 0 0 0
0 1 0 0 0
0 1 0 0 0
0 1 0 0 0
0 1 0 0 0
0 1 0 0 0
0 1 0 0 0
0 1 0 0 0
0 1 0 0 0
0.0344005902661593 1 0 0 0
0.043799541572298 1 0 0 0
0.184454681402713 1 0 0 0
0.173996852026903 1 0 0 0
0.277604530310782 1 0 0 0
0.186180741820863 1 0 0 0
0.237446285609622 1 0 0 0
0.0894054777731412 1 0 0 0
0.058058366903424 1 0 0 0
0 1 0 0 0
0 1 0 0 0
0 1 0 0 0
0 1 0 0 0
0 1 0 0 0
0 1 0 0 0
0 1 0 0 0
0 1 0 0 0
0 1 0 0 0
0 1 0 0 0
0 1 0 0 0
0 1 0 0 0
0 1 0 0 0
0 1 0 0 0
0 1 0 0 0
0.211027800105512 1 0 0 0
0.466676119685872 1 0 0 0
0.153367067468935 1 0 0 0
0.654939294690848 1 0 0 0
0.362662485713372 1 0 0 0
0.202098052341171 1 0 0 0
0.0209662587167259 1 0 0 0
0 1 0 0 0
0 1 0 0 0
0 1 0 0 0
0 1 0 0 0
0 1 0 0 0
0 1 0 0 0
0 1 0 0 0
0 1 0 0 0
0 1 0 0 0
0 1 0 0 0
0 1 0 0 0
0 1 0 0 0
0 1 0 0 0
0 1 0 0 0
0 1 0 0 0
0 1 0 0 0
0 1 0 0 0
0 1 0 0 0
0 1 0 0 0
0 1 0 0 0
0 1 0 0 0
0 1 0 0 0
0 1 0 0 0
0 1 0 0 0
0 1 0 0 0
0 1 0 0 0
0 1 0 0 0
0 1 0 0 0
0 1 0 0 0
0 1 0 0 0
0 1 0 0 0
0 1 0 0 0
0 1 0 0 0
0 1 0 0 0
0 1 0 0 0
0 1 0 0 0
0 1 0 0 0
0 1 0 0 0
0 1 0 0 0
0 1 0 0 0
0.118659249892517 1 0 0 0
0.127724140384089 1 0 0 0
0.0578295894229086 1 0 0 0
0.0926339043871849 1 0 0 0
0.100212682809797 1 0 0 0
0.116029147648078 1 0 0 0
0.0942959462690851 1 0 0 0
0.106740279079531 1 0 0 0
0.0810927256225114 1 0 0 0
0.0654993600619491 1 0 0 0
0.0630725608061766 1 0 0 0
0.0603613469252196 1 0 0 0
0.080939006124936 1 0 0 0
0.18951594461214 1 0 0 0
0.13639666394738 1 0 0 0
0.254192620559479 1 0 0 0
0.202056994567101 1 0 0 0
0.312218813633081 1 0 0 0
0.242479144617391 1 0 0 0
0.165810759881424 1 0 0 0
0.125860842331349 1 0 0 0
0.0061944565459271 1 0 0 0
0 1 0 0 0
0 1 0 0 0
0 1 0 0 0
0 1 0 0 0
0 1 0 0 0
0 1 0 0 0
0 1 0 0 0
0 1 0 0 0
0 1 0 0 0
0.0039938850022736 1 0 0 0
0 1 0 0 0
0 1 0 0 0
0 1 0 0 0
0 1 0 0 0
0 1 0 0 0
0 1 0 0 0
0 1 0 0 0
0 1 0 0 0
0 1 0 0 0
0 1 0 0 0
0 1 0 0 0
0 0 1 0 0
0.0918637024369673 0 0 0 0
0 0 0 0 0
0 0 0 0 0
0 0 0 1 0
0 0 0 1 0
0 0 0 1 0
0 0 0 1 0
0 0 0 0 0
0 0 0 0 0
0 0 0 0 0
0 0 0 0 0
0 0 0 0 0
0 0 0 0 0
0 0 0 0 0
0 0 0 0 0
0 0 0 0 0
0 0 0 0 0
0 0 0 0 0
0 0 0 0 0
0 0 0 0 0
0 0 0 0 0
0 0 0 0 0
0 0 0 0 0
0 0 0 0 0
0 0 0 0 0
0 0 0 0 0
0 0 0 0 0
0 0 0 0 0
0 0 0 0 0
0 0 0 0 0
0 0 0 0 0
0 0 0 0 0
0 0 0 0 0
0 0 0 0 0
0 0 0 0 0
0 0 0 0 0
0 0 0 0 0
0 0 0 0 1
0 0 0 0 1
0 0 0 0 1
0 0 0 0 1
0 0 0 0 1
0 0 0 0 1
0 0 0 0 1
0 0 0 0 1
0 0 0 0 1
0 0 0 0 1
0 0 0 0 1
0 0 0 0 1
0 0 0 0 1
0 0 0 0 1
0 0 0 0 1
0 0 0 0 1
0 0 0 0 1
0 0 0 0 1
0 0 0 0 1
0 0 0 0 1
0 0 0 0 1
0 0 0 0 1
0 0 0 0 1
0 0 0 0 1
0 0 0 0 1
0 0 0 0 1
0 0 0 0 1
0 0 0 0 1
0 0 0 0 1
0 0 0 0 1
0 0 0 0 1
0 0 0 0 1
1.23842479661107 1 0 0 0
1.09871920722071 1 0 0 0
0.793907189290621 1 0 0 0
0.937814525968861 1 0 0 0
0.891671923454851 1 0 0 0
0.986128870863467 1 0 0 0
0.737637346901465 1 0 0 0
0.471433289931156 1 0 0 0
0.704245045199059 1 0 0 0
0.837131403386593 1 0 0 0
1.51672945321479 1 0 0 0
2.04487823066302 1 0 0 0
4.06971183838323 1 0 0 0
6.2742579029873 1 0 0 0
8.42720526270568 1 0 0 0
9.26406041253358 1 0 0 0
9.06742690131068 1 0 0 0
9.04842792078853 1 0 0 0
9.21682175248861 1 0 0 0
8.25823633931577 1 0 0 0
6.63915200857446 1 0 0 0
4.47406631428748 1 0 0 0
3.53355391416699 1 0 0 0
2.5659033562988 1 0 0 0
2.40738253341988 1 0 0 0
1.80789562000427 1 0 0 0
1.82325538480654 1 0 0 0
2.21109105041251 1 0 0 0
2.58774874964729 1 0 0 0
3.70653969002888 1 0 0 0
4.2189039522782 1 0 0 0
4.2301076464355 1 0 0 0
3.48363252123818 1 0 0 0
3.67964513134211 1 0 0 0
2.94217944610864 1 0 0 0
2.60384785360657 1 0 0 0
1.80937437107787 1 0 0 0
1.49067884194665 1 0 0 0
1.01787043968216 1 0 0 0
0.895190445589833 1 0 0 0
0.554071273654699 1 0 0 0
0.488520272483584 1 0 0 0
0.365318868716713 1 0 0 0
0.485599357489264 1 0 0 0
0.475122080388246 1 0 0 0
0.537569547304884 1 0 0 0
0.508393160998821 1 0 0 0
0.511114627443021 1 0 0 0
0.570019525184762 1 0 0 0
0.642950646579266 1 0 0 0
0.59403206614661 1 0 0 0
0.592054770095274 1 0 0 0
0.5712592828786 1 0 0 0
0.54982332221698 1 0 0 0
0.496506836498156 1 0 0 0
0.42360774386907 1 0 0 0
0.426432026870316 1 0 0 0
0.485280397697352 1 0 0 0
0.535174927790649 1 0 0 0
0.700798838806804 1 0 0 0
0.770192047639284 1 0 0 0
0.805528870841954 1 0 0 0
0.904358217667323 1 0 0 0
1.36124160781037 1 0 0 0
1.74236542079598 1 0 0 0
2.02645792160183 1 0 0 0
2.29327543638647 1 0 0 0
2.69943941384554 1 0 0 0
3.44069048878737 1 0 0 0
3.74037714209408 1 0 0 0
4.43978566909209 1 0 0 0
3.91653919359669 1 0 0 0
3.879489377141 1 0 0 0
3.74501425540075 1 0 0 0
3.50475229788572 1 0 0 0
2.91146652307361 1 0 0 0
3.0861867708154 1 0 0 0
3.21826071012765 1 0 0 0
2.98367661889642 1 0 0 0
3.46293183974922 1 0 0 0
3.7438033032231 1 0 0 0
3.99608630686998 1 0 0 0
4.1853345464915 1 0 0 0
4.91154514020309 1 0 0 0
5.14844444114715 1 0 0 0
5.61801315052435 1 0 0 0
5.95057546161115 1 0 0 0
6.82639167644083 1 0 0 0
6.74058496952057 1 0 0 0
7.37505289725959 1 0 0 0
6.61804736591876 1 0 0 0
7.77145463507622 1 0 0 0
7.54172855522484 1 0 0 0
7.76212685741484 1 0 0 0
6.91096484661102 1 0 0 0
7.60699482634664 1 0 0 0
7.86466221325099 1 0 0 0
9.02018719352782 1 0 0 0
10.0661293836311 1 0 0 0
10.9521115664393 1 0 0 0
11.7400391027331 1 0 0 0
13.2906283251941 1 0 0 0
13.9199031982571 1 0 0 0
14.4065693020821 1 0 0 0
14.817338436842 1 0 0 0
15.510629164055 1 0 0 0
16.082723159343 1 0 0 0
16.6415113490075 1 0 0 0
17.6137036178261 1 0 0 0
17.4682713113725 1 0 0 0
18.5815796721727 1 0 0 0
17.9347400553524 1 0 0 0
18.6030210461468 1 0 0 0
17.8384047467262 1 0 0 0
18.3977091219276 1 0 0 0
16.5400241967291 1 0 0 0
17.4586810171604 1 0 0 0
16.5274383034557 1 0 0 0
16.0576677881181 1 0 0 0
14.6786151453853 1 0 0 0
13.3022328373045 1 0 0 0
12.3546487884596 1 0 0 0
11.0592707060277 1 0 0 0
11.5623894380406 1 0 0 0
11.2400504294783 1 0 0 0
12.3104862868786 0 1 0 0
11.4200460957363 0 0 0 0
11.1130040604621 0 0 0 0
10.4938428848982 0 0 0 0
9.93634178303182 0 0 1 0
7.95499794185162 0 0 1 0
8.56225728057325 0 0 1 0
6.50461239274591 0 0 1 0
5.97593607380986 0 0 1 0
5.29587228083983 0 0 0 0
4.98929753666744 0 0 0 0
4.42418223246932 0 0 0 0
5.04402170190588 0 0 0 0
5.05337648792192 0 0 0 0
5.24757674429566 0 0 0 0
4.75719501264393 0 0 0 0
4.69485332723707 0 0 0 0
4.67131467303261 0 0 0 0
4.67238767305389 0 0 0 0
3.38262779405341 0 0 0 0
3.01168189616874 0 0 0 0
2.511324477382 0 0 0 0
1.78512796992436 0 0 0 0
1.37097785773221 0 0 0 0
0.987390485533979 0 0 0 0
0.652795313726529 0 0 0 0
0.589726550970227 0 0 0 0
0.55023426466505 0 0 0 0
0.403951707994565 0 0 0 0
0.651276559779035 0 0 0 0
1.09250255036386 0 0 0 0
1.51057876064442 0 0 0 0
1.95371697191149 0 0 0 0
2.25045188562945 0 0 0 0
2.97159753972664 0 0 0 0
2.58801435120404 0 0 0 0
2.55431421101093 0 0 0 0
2.2088119876571 0 0 0 0
2.07874702755362 0 0 0 0
1.79612384818029 0 0 0 1
1.47135576116852 0 0 0 1
1.36996226501651 0 0 0 1
1.04847525653895 0 0 0 1
1.16214451554697 0 0 0 1
1.10079953446984 0 0 0 1
1.13317095383536 0 0 0 1
1.1959824769292 0 0 0 1
1.85816388693638 0 0 0 1
2.20228926627897 0 0 0 1
2.94857670087367 0 0 0 1
3.43704666011035 0 0 0 1
3.95155674777925 0 0 0 1
4.18675667606294 0 0 0 1
4.66141547076404 0 0 0 1
3.99618601659313 0 0 0 1
3.64784110570326 0 0 0 1
2.91085301432759 0 0 0 1
2.79016612330452 0 0 0 1
1.8432291544741 0 0 0 1
1.66324616293423 0 0 0 1
1.08533494130825 0 0 0 1
0.822650756163057 0 0 0 1
0.599663922912441 0 0 0 1
0.527322627021931 0 0 0 1
0.458720880487817 0 0 0 1
0.352084168298461 0 0 0 1
0.403196780098369 0 0 0 1
0.340669364959467 0 0 0 1
0.319393165227666 0 0 0 1
0.457863113751955 0 0 0 1
0.464002456283197 0 0 0 1
0 1 0 0 0
0 1 0 0 0
0 1 0 0 0
0 1 0 0 0
0 1 0 0 0
0 1 0 0 0
0 1 0 0 0
0 1 0 0 0
0 1 0 0 0
0 1 0 0 0
0 1 0 0 0
0 1 0 0 0
0 1 0 0 0
0 1 0 0 0
0 1 0 0 0
0 1 0 0 0
0 1 0 0 0
0 1 0 0 0
0 1 0 0 0
0 1 0 0 0
0 1 0 0 0
0 1 0 0 0
0 1 0 0 0
0 1 0 0 0
0 1 0 0 0
0 1 0 0 0
0 1 0 0 0
0 1 0 0 0
0 1 0 0 0
0.0246516440256528 1 0 0 0
0 1 0 0 0
0 1 0 0 0
0 1 0 0 0
0 1 0 0 0
0 1 0 0 0
0 1 0 0 0
0 1 0 0 0
0 1 0 0 0
0 1 0 0 0
0 1 0 0 0
0 1 0 0 0
0 1 0 0 0
0 1 0 0 0
0 1 0 0 0
0 1 0 0 0
0 1 0 0 0
0 1 0 0 0
0 1 0 0 0
0 1 0 0 0
0 1 0 0 0
0 1 0 0 0
0 1 0 0 0
0 1 0 0 0
0 1 0 0 0
0 1 0 0 0
0 1 0 0 0
0 1 0 0 0
0 1 0 0 0
0 1 0 0 0
0 1 0 0 0
0 1 0 0 0
0 1 0 0 0
0 1 0 0 0
0 1 0 0 0
0 1 0 0 0
0 1 0 0 0
0 1 0 0 0
0 1 0 0 0
0 1 0 0 0
0 1 0 0 0
0 1 0 0 0
0 1 0 0 0
0 1 0 0 0
0 1 0 0 0
0 1 0 0 0
0 1 0 0 0
0 1 0 0 0
0 1 0 0 0
0 1 0 0 0
0 1 0 0 0
0 1 0 0 0
0 1 0 0 0
0 1 0 0 0
0 1 0 0 0
0 1 0 0 0
0 1 0 0 0
0 1 0 0 0
0 1 0 0 0
0 1 0 0 0
0 1 0 0 0
0 1 0 0 0
0 1 0 0 0
0 1 0 0 0
0 1 0 0 0
0 1 0 0 0
0 1 0 0 0
0 1 0 0 0
0 1 0 0 0
0 1 0 0 0
0 1 0 0 0
0 1 0 0 0
0 1 0 0 0
0 1 0 0 0
0 1 0 0 0
0 1 0 0 0
0 1 0 0 0
0 1 0 0 0
0 1 0 0 0
0 1 0 0 0
0 1 0 0 0
0 1 0 0 0
0 1 0 0 0
0 1 0 0 0
0 1 0 0 0
0 1 0 0 0
0 1 0 0 0
0 1 0 0 0
0 1 0 0 0
0 1 0 0 0
0 1 0 0 0
0 1 0 0 0
0 1 0 0 0
0 1 0 0 0
0 1 0 0 0
0 1 0 0 0
0 0 1 0 0
0 0 0 0 0
0 0 0 0 0
0 0 0 0 0
0 0 0 1 0
0 0 0 1 0
0 0 0 1 0
0 0 0 1 0
0 0 0 1 0
0 0 0 0 0
0 0 0 0 0
0 0 0 0 0
0 0 0 0 0
0 0 0 0 0
0 0 0 0 0
0 0 0 0 0
0 0 0 0 0
0 0 0 0 0
0 0 0 0 0
0 0 0 0 0
0 0 0 0 0
0 0 0 0 0
0 0 0 0 0
0 0 0 0 0
0 0 0 0 0
0 0 0 0 0
0 0 0 0 0
0 0 0 0 0
0 0 0 0 0
0 0 0 0 0
0 0 0 0 0
0 0 0 0 0
0 0 0 0 0
0 0 0 0 0
0 0 0 0 0
0 0 0 0 0
0 0 0 0 0
0 0 0 0 0
0 0 0 0 0
0.0327343568642391 0 0 0 1
0.0344129257427994 0 0 0 1
0.0131767274069716 0 0 0 1
0.17291892436333 0 0 0 1
0.209305997486808 0 0 0 1
0.142330772519017 0 0 0 1
0.00725956488167867 0 0 0 1
0 0 0 0 1
0.0707738145138137 0 0 0 1
0 0 0 0 1
0 0 0 0 1
0 0 0 0 1
0 0 0 0 1
0 0 0 0 1
0 0 0 0 1
0 0 0 0 1
0 0 0 0 1
0 0 0 0 1
0 0 0 0 1
0 0 0 0 1
0 0 0 0 1
0 0 0 0 1
0 0 0 0 1
0 0 0 0 1
0 0 0 0 1
0 0 0 0 1
0 0 0 0 1
0 0 0 0 1
0 0 0 0 1
0 0 0 0 1
0 0 0 0 1
0 0 0 0 1
2.33098166063428 1 0 0 0
1.92894000792876 1 0 0 0
1.58162621664815 1 0 0 0
1.15212518721819 1 0 0 0
1.37842082767747 1 0 0 0
1.19576330325799 1 0 0 0
1.11862036283128 1 0 0 0
1.11471987474943 1 0 0 0
1.57124050019775 1 0 0 0
2.45684903347865 1 0 0 0
3.20720559102483 1 0 0 0
4.36316285049543 1 0 0 0
4.75634163012728 1 0 0 0
5.67061168840155 1 0 0 0
7.4386753840372 1 0 0 0
11.0880371648818 1 0 0 0
12.8101117443293 1 0 0 0
12.3205867130309 1 0 0 0
12.1388051193208 1 0 0 0
9.44284058641642 1 0 0 0
7.89381621871144 1 0 0 0
7.05796631518751 1 0 0 0
6.6041195532307 1 0 0 0
5.28468331322074 1 0 0 0
4.49344248045236 1 0 0 0
4.06133744399995 1 0 0 0
3.61389952013269 1 0 0 0
3.62070801202208 1 0 0 0
3.28978418838233 1 0 0 0
3.56918829493225 1 0 0 0
3.52603563806042 1 0 0 0
3.80047678481787 1 0 0 0
3.99275182280689 1 0 0 0
4.00292041013017 1 0 0 0
3.99059179471806 1 0 0 0
3.89714335324243 1 0 0 0
4.37759084161371 1 0 0 0
4.05594194307923 1 0 0 0
3.70358669897541 1 0 0 0
3.35350702516735 1 0 0 0
3.01299191778526 1 0 0 0
2.52023074426688 1 0 0 0
2.08544291672297 1 0 0 0
1.72675278736278 1 0 0 0
1.40948859916534 1 0 0 0
1.19224148511421 1 0 0 0
1.12273957347497 1 0 0 0
1.11295795795741 1 0 0 0
1.23932928545401 1 0 0 0
1.40519937849604 1 0 0 0
1.68454780941829 1 0 0 0
2.04320464399643 1 0 0 0
2.31287692440674 1 0 0 0
2.49974118196405 1 0 0 0
2.82379702548496 1 0 0 0
2.72311837761663 1 0 0 0
2.97783553833142 1 0 0 0
2.80222125002183 1 0 0 0
2.52029130933806 1 0 0 0
2.09922750946134 1 0 0 0
1.83746605762281 1 0 0 0
1.45857185998466 1 0 0 0
1.31835734646302 1 0 0 0
0.998200637695845 1 0 0 0
0.920606056752149 1 0 0 0
0.689492757373955 1 0 0 0
0.71040917555365 1 0 0 0
0.837153245811351 1 0 0 0
0.826870702439919 1 0 0 0
1.05235952651128 1 0 0 0
1.05133300530724 1 0 0 0
1.57606520224363 1 0 0 0
1.97193372878246 1 0 0 0
2.75898110703565 1 0 0 0
3.64756432827562 1 0 0 0
4.96096780989319 1 0 0 0
6.62048382218927 1 0 0 0
7.67953030299395 1 0 0 0
8.31370311789215 1 0 0 0
7.94172775931656 1 0 0 0
8.29669937957078 1 0 0 0
8.40096035972238 1 0 0 0
8.11644806526601 1 0 0 0
7.23395915701985 1 0 0 0
7.49367603566498 1 0 0 0
7.37249199301004 1 0 0 0
7.29211198631674 1 0 0 0
7.77187908533961 1 0 0 0
6.07474090065807 1 0 0 0
5.7294997968711 1 0 0 0
3.83689801674336 1 0 0 0
3.9892655913718 1 0 0 0
3.40174208395183 1 0 0 0
3.35280684521422 1 0 0 0
3.0978484719526 1 0 0 0
4.24097213544883 1 0 0 0
5.68098685471341 1 0 0 0
6.85953575884923 1 0 0 0
9.64450067840517 1 0 0 0
11.0362526029348 1 0 0 0
14.0081886202097 1 0 0 0
14.643793925643 1 0 0 0
15.7642336562276 1 0 0 0
16.3097018375993 1 0 0 0
13.7684675864875 1 0 0 0
11.4617475774139 1 0 0 0
8.42541654128581 1 0 0 0
7.3817647062242 1 0 0 0
5.38773904554546 1 0 0 0
4.43139270646498 1 0 0 0
3.23191558709368 1 0 0 0
2.54960876191035 1 0 0 0
2.24842439638451 1 0 0 0
1.88502203673124 1 0 0 0
1.85508033609949 1 0 0 0
1.65129921515472 1 0 0 0
1.76306979847141 1 0 0 0
1.73506382270716 1 0 0 0
1.65383590501733 1 0 0 0
1.55097950482741 1 0 0 0
1.63099655765109 1 0 0 0
1.51928025297821 1 0 0 0
1.32608713465743 1 0 0 0
1.15161018038634 1 0 0 0
1.26881017058622 1 0 0 0
1.27469477592967 0 1 0 0
1.25255111197475 0 0 0 0
1.15685573837254 0 0 0 0
1.11685146111995 0 0 0 0
1.1423273535911 0 0 0 0
1.12590123899281 0 0 0 0
0.94439391978085 0 0 1 0
0.930884169065394 0 0 1 0
0.959760131081566 0 0 1 0
1.0716059623519 0 0 1 0
0.987135979812592 0 0 1 0
1.21081588440575 0 0 1 0
1.29275719518773 0 0 0 0
1.64612889057025 0 0 0 0
1.84126035310328 0 0 0 0
2.26079844287597 0 0 0 0
2.12721951538697 0 0 0 0
3.02609917707741 0 0 0 0
3.65951145067811 0 0 0 0
4.33954055188224 0 0 0 0
4.85480512725189 0 0 0 0
6.37813261710107 0 0 0 0
7.26928689982742 0 0 0 0
9.26800782326609 0 0 0 0
12.0219187811017 0 0 0 0
14.1054554842412 0 0 0 0
16.0580491647124 0 0 0 0
14.3199807498604 0 0 0 0
14.376605511643 0 0 0 0
11.6963994223624 0 0 0 0
9.83631680719554 0 0 0 0
7.68156466074288 0 0 0 0
6.46468892227858 0 0 0 0
5.24857128039002 0 0 0 0
4.08351671649143 0 0 0 0
3.88103106524795 0 0 0 0
3.72010073624551 0 0 0 0
3.29013375448994 0 0 0 0
3.37785220472142 0 0 0 0
3.16815209225751 0 0 0 0
3.24794635525905 0 0 0 0
2.66679655760527 0 0 0 0
2.44919428951107 0 0 0 1
1.97248815675266 0 0 0 1
1.96801335550845 0 0 0 1
1.79449829738587 0 0 0 1
1.6996878257487 0 0 0 1
1.25809086603113 0 0 0 1
1.49126512405928 0 0 0 1
1.16198479372542 0 0 0 1
1.21894845506176 0 0 0 1
0.875188939971849 0 0 0 1
0.937322838581167 0 0 0 1
0.695047485351097 0 0 0 1
0.638183897535782 0 0 0 1
0.612362666288391 0 0 0 1
0.435601902381677 0 0 0 1
0.435852718510432 0 0 0 1
0.2675838804862 0 0 0 1
0.285747461020947 0 0 0 1
0.162428517796798 0 0 0 1
0.0928643158886189 0 0 0 1
0.0184635659934429 0 0 0 1
0.0179555745489779 0 0 0 1
0.0592491569477716 0 0 0 1
0 0 0 0 1
0 0 0 0 1
0 0 0 0 1
0 0 0 0 1
0 0 0 0 1
0 0 0 0 1
0 0 0 0 1
0 0 0 0 1
0 0 0 0 1
