spikerate ITI cue push reward
15.2731102425605 1 0 0 0
11.9040987920016 1 0 0 0
9.70416492782533 1 0 0 0
7.92042887769639 1 0 0 0
6.53782172594219 1 0 0 0
5.44193579116836 1 0 0 0
4.35618136543781 1 0 0 0
3.47113644238561 1 0 0 0
2.97871965449303 1 0 0 0
2.500384231098 1 0 0 0
2.14115285780281 1 0 0 0
1.63986632833257 1 0 0 0
1.42912124283612 1 0 0 0
1.03264920471702 1 0 0 0
0.662331127387006 1 0 0 0
0.579231273150072 1 0 0 0
0.443037439254113 1 0 0 0
0.315542527459911 1 0 0 0
0.248321516892247 1 0 0 0
0.274834084848408 1 0 0 0
0.282790324490634 1 0 0 0
0.230290002946276 1 0 0 0
0.267834120222687 1 0 0 0
0.333654877977096 1 0 0 0
0.276237211437547 1 0 0 0
0.284176417380877 1 0 0 0
0.227007218200015 1 0 0 0
0.265091332721568 1 0 0 0
0.326384573781979 1 0 0 0
0.265330727415858 1 0 0 0
0.367312488378957 1 0 0 0
0.34162597876275 1 0 0 0
0.403924797865329 1 0 0 0
0.444398671334056 1 0 0 0
0.369038403732702 1 0 0 0
0.427179744292516 1 0 0 0
0.306992838886799 1 0 0 0
0.265527240117081 1 0 0 0
0.244574855059909 1 0 0 0
0.181809577043168 1 0 0 0
0.0734245372768783 1 0 0 0
0.0117077952381806 1 0 0 0
0 1 0 0 0
0.0469397768938506 1 0 0 0
0.0486379040012253 1 0 0 0
0.00334083915731753 1 0 0 0
0 1 0 0 0
0 1 0 0 0
0.00958600935518916 1 0 0 0
0 1 0 0 0
0.0697861432854552 1 0 0 0
0.12930724551552 1 0 0 0
0.187879052646167 1 0 0 0
0.17609247333894 1 0 0 0
0.398076863348251 1 0 0 0
0.387207612220664 1 0 0 0
0.433705565228593 1 0 0 0
0.446392185040168 1 0 0 0
0.576777951209806 1 0 0 0
0.412783545471029 1 0 0 0
0.577136554056779 1 0 0 0
0.440965668531135 1 0 0 0
0.649221467028838 1 0 0 0
0.372393613361055 1 0 0 0
0.486306329548825 1 0 0 0
0.337244942784309 1 0 0 0
0.465726690890733 1 0 0 0
0.365672680345597 1 0 0 0
0.377448646759149 1 0 0 0
0.281219834505464 1 0 0 0
0.306480847939383 1 0 0 0
0.361969185178168 1 0 0 0
0.354688618244836 1 0 0 0
0.327213714626851 1 0 0 0
0.184209740837105 1 0 0 0
0.178970301931258 1 0 0 0
0.197029347873467 1 0 0 0
0.0627747763246589 1 0 0 0
0 1 0 0 0
0.00928696363189374 1 0 0 0
0 1 0 0 0
0 1 0 0 0
0 1 0 0 0
0 1 0 0 0
0 1 0 0 0
0 1 0 0 0
0 1 0 0 0
0 1 0 0 0
0 1 0 0 0
0 1 0 0 0
0 1 0 0 0
0 1 0 0 0
0 1 0 0 0
0 1 0 0 0
0 1 0 0 0
0 1 0 0 0
0.00167284179042326 1 0 0 0
0.0826603718451224 1 0 0 0
0.196216493350221 1 0 0 0
0.00935471598495496 1 0 0 0
0.178909765054414 1 0 0 0
0.164490568067777 1 0 0 0
0.180310057430688 1 0 0 0
0.0852179246066953 1 0 0 0
0 1 0 0 0
0.00867839071361232 1 0 0 0
0.0619843588083313 1 0 0 0
0.0655239491607063 1 0 0 0
0 1 0 0 0
0.0258829895756207 1 0 0 0
0.061641960542147 1 0 0 0
0.0767076885495044 1 0 0 0
0.0191082233413908 1 0 0 0
0.0634372727290611 1 0 0 0
0 1 0 0 0
0.0399311065848451 1 0 0 0
0 1 0 0 0
0.134885685838526 1 0 0 0
0.0174828345507194 1 0 0 0
0.149491992488038 1 0 0 0
0.0270700111286715 1 0 0 0
0.200262518774252 1 0 0 0
0.0845512822706951 1 0 0 0
0.222692642637412 1 0 0 0
0.0821499625089928 1 0 0 0
0.33316388635285 0 1 0 0
0.25087846461247 0 0 0 0
0.29312367496459 0 0 0 0
0.375777199224103 0 0 0 0
0.373739298083819 0 0 0 0
0.267236962827155 0 0 1 0
0.159388176598441 0 0 1 0
0 0 0 1 0
0 0 0 0 0
0 0 0 0 0
0 0 0 0 0
0 0 0 0 0
0 0 0 0 0
0 0 0 0 0
0 0 0 0 0
0 0 0 0 0
0 0 0 0 0
0 0 0 0 0
0 0 0 0 0
0 0 0 0 0
0 0 0 0 0
0 0 0 0 0
0 0 0 0 0
0 0 0 0 0
0 0 0 0 0
0 0 0 0 0
0 0 0 0 0
0 0 0 0 0
0 0 0 0 0
0 0 0 0 0
0 0 0 0 0
0 0 0 0 0
0 0 0 0 0
0 0 0 0 0
0 0 0 0 0
0 0 0 0 0
0 0 0 0 0
0 0 0 0 0
0 0 0 0 1
0 0 0 0 1
0 0 0 0 1
0 0 0 0 1
0 0 0 0 1
0 0 0 0 1
0 0 0 0 1
0 0 0 0 1
0 0 0 0 1
0 0 0 0 1
0 0 0 0 1
0 0 0 0 1
0 0 0 0 1
0 0 0 0 1
0 0 0 0 1
0 0 0 0 1
0 0 0 0 1
0 0 0 0 1
0 0 0 0 1
0 0 0 0 1
0 0 0 0 1
0 0 0 0 1
0.10161842146772 0 0 0 1
0.0991587994576548 0 0 0 1
0.0882182175701018 0 0 0 1
0.0880990173754981 0 0 0 1
0.194822294361074 0 0 0 1
0.198531203750463 0 0 0 1
0.185039640200557 0 0 0 1
0.145126645293203 0 0 0 1
0.118242626058418 0 0 0 1
0.185076940283579 0 0 0 1
0 1 0 0 0
0 1 0 0 0
0 1 0 0 0
0 1 0 0 0
0 1 0 0 0
0 1 0 0 0
0 1 0 0 0
0 1 0 0 0
0 1 0 0 0
0 1 0 0 0
0 1 0 0 0
0 1 0 0 0
0 1 0 0 0
0 1 0 0 0
0 1 0 0 0
0 1 0 0 0
0 1 0 0 0
0 1 0 0 0
0 1 0 0 0
0 1 0 0 0
0 1 0 0 0
0 1 0 0 0
0 1 0 0 0
0 1 0 0 0
0 1 0 0 0
0 1 0 0 0
0 1 0 0 0
0 1 0 0 0
0 1 0 0 0
0 1 0 0 0
0 1 0 0 0
0 1 0 0 0
0 1 0 0 0
0 1 0 0 0
0 1 0 0 0
0 1 0 0 0
0 1 0 0 0
0 1 0 0 0
0 1 0 0 0
0 1 0 0 0
0 1 0 0 0
0 1 0 0 0
0 1 0 0 0
0 1 0 0 0
0 1 0 0 0
0 1 0 0 0
0 1 0 0 0
0 1 0 0 0
0 1 0 0 0
0 1 0 0 0
0 1 0 0 0
0 1 0 0 0
0 1 0 0 0
0 1 0 0 0
0 1 0 0 0
0 1 0 0 0
0 1 0 0 0
0 1 0 0 0
0 1 0 0 0
0 1 0 0 0
0 1 0 0 0
0 1 0 0 0
0 1 0 0 0
0 1 0 0 0
0 1 0 0 0
0 1 0 0 0
0 1 0 0 0
0 1 0 0 0
0 1 0 0 0
0 1 0 0 0
0 1 0 0 0
0 1 0 0 0
0 1 0 0 0
0 1 0 0 0
0 1 0 0 0
0 1 0 0 0
0 1 0 0 0
0 1 0 0 0
0 1 0 0 0
0 1 0 0 0
0 1 0 0 0
0 1 0 0 0
0 1 0 0 0
0 1 0 0 0
0 1 0 0 0
0 1 0 0 0
0 1 0 0 0
0 1 0 0 0
0 1 0 0 0
0 1 0 0 0
0 1 0 0 0
0 1 0 0 0
0 1 0 0 0
0 1 0 0 0
0.264939903900085 1 0 0 0
0.278392384643666 1 0 0 0
0.439098934293725 1 0 0 0
0.574292665987741 1 0 0 0
0.687794767145533 1 0 0 0
0.337235771439737 1 0 0 0
0.338087236741558 1 0 0 0
0.22408366385207 1 0 0 0
0.197536641280749 1 0 0 0
0.205355136131402 1 0 0 0
0.139879717153235 1 0 0 0
0.0297411347673915 1 0 0 0
0.0203746385523118 1 0 0 0
0.00510206336912233 1 0 0 0
0 1 0 0 0
0 1 0 0 0
0 1 0 0 0
0 1 0 0 0
0 1 0 0 0
0 1 0 0 0
0 1 0 0 0
0 1 0 0 0
0 1 0 0 0
0 1 0 0 0
0 1 0 0 0
0 1 0 0 0
0.0403904809900268 1 0 0 0
0.0938974335440435 1 0 0 0
0.113865084131248 1 0 0 0
0.00563622779736761 1 0 0 0
0.0954165559505782 1 0 0 0
0 0 1 0 0
0 0 0 0 0
0 0 0 0 0
0 0 0 1 0
0 0 0 1 0
0 0 0 1 0
0 0 0 0 0
0 0 0 0 0
0 0 0 0 0
0 0 0 0 0
0 0 0 0 0
0 0 0 0 0
0 0 0 0 0
0 0 0 0 0
0 0 0 0 0
0 0 0 0 0
0 0 0 0 0
0 0 0 0 0
0 0 0 0 0
0 0 0 0 0
0 0 0 0 0
0 0 0 0 0
0 0 0 0 0
0 0 0 0 0
0 0 0 0 0
0 0 0 0 0
0 0 0 0 0
0 0 0 0 0
0 0 0 0 0
0 0 0 0 0
0 0 0 0 0
0 0 0 0 0
0 0 0 0 0
0 0 0 0 0
0 0 0 0 0
0 0 0 0 0
0 0 0 0 1
0 0 0 0 1
0 0 0 0 1
0 0 0 0 1
0 0 0 0 1
0 0 0 0 1
0 0 0 0 1
0 0 0 0 1
0 0 0 0 1
0 0 0 0 1
0 0 0 0 1
0 0 0 0 1
0 0 0 0 1
0 0 0 0 1
0 0 0 0 1
0 0 0 0 1
0 0 0 0 1
0 0 0 0 1
0 0 0 0 1
0.0125613565629124 0 0 0 1
0 0 0 0 1
0 0 0 0 1
0 0 0 0 1
0 0 0 0 1
0 0 0 0 1
0 0 0 0 1
0 0 0 0 1
0 0 0 0 1
0 0 0 0 1
0 0 0 0 1
0 0 0 0 1
0 0 0 0 1
0 1 0 0 0
0 1 0 0 0
0 1 0 0 0
0 1 0 0 0
0 1 0 0 0
0 1 0 0 0
0 1 0 0 0
0 1 0 0 0
0 1 0 0 0
0 1 0 0 0
0 1 0 0 0
0 1 0 0 0
0.0149080033224891 1 0 0 0
0 1 0 0 0
0.0423660976593965 1 0 0 0
0.0681482233630959 1 0 0 0
0.122394088066358 1 0 0 0
0.11120578074042 1 0 0 0
0.177657884705695 1 0 0 0
0.0959619901550468 1 0 0 0
0.0334043506882153 1 0 0 0
0.0971199517607602 1 0 0 0
0.0442927698713902 1 0 0 0
0 1 0 0 0
0 1 0 0 0
0.00659893248666776 1 0 0 0
0.00613555675954558 1 0 0 0
0.13562697404268 1 0 0 0
0.0342924176948145 1 0 0 0
0.0947040498431306 1 0 0 0
0.0495334093102429 1 0 0 0
0 1 0 0 0
0 1 0 0 0
0 1 0 0 0
0 1 0 0 0
0 1 0 0 0
0 1 0 0 0
0 1 0 0 0
0 1 0 0 0
0 1 0 0 0
0 1 0 0 0
0 1 0 0 0
0 1 0 0 0
0 1 0 0 0
0 1 0 0 0
0 1 0 0 0
0 1 0 0 0
0 1 0 0 0
0 1 0 0 0
0 1 0 0 0
0 1 0 0 0
0 1 0 0 0
0 1 0 0 0
0 1 0 0 0
0 1 0 0 0
0.0986392624326982 1 0 0 0
0 1 0 0 0
0 1 0 0 0
0 1 0 0 0
0 1 0 0 0
0 1 0 0 0
0 1 0 0 0
0 1 0 0 0
0 1 0 0 0
0 1 0 0 0
0 1 0 0 0
0 1 0 0 0
0 1 0 0 0
0 1 0 0 0
0 1 0 0 0
0 1 0 0 0
0 1 0 0 0
0 1 0 0 0
0 1 0 0 0
0 1 0 0 0
0 1 0 0 0
0 1 0 0 0
0 1 0 0 0
0 1 0 0 0
0 1 0 0 0
0 1 0 0 0
0 1 0 0 0
0 1 0 0 0
0 1 0 0 0
0 1 0 0 0
0 1 0 0 0
0 1 0 0 0
0 1 0 0 0
0 1 0 0 0
0 1 0 0 0
0 1 0 0 0
0 1 0 0 0
0 1 0 0 0
0 1 0 0 0
0 1 0 0 0
0 1 0 0 0
0 1 0 0 0
0 1 0 0 0
0 1 0 0 0
0 1 0 0 0
0 1 0 0 0
0 1 0 0 0
0 1 0 0 0
0 1 0 0 0
0 1 0 0 0
0 1 0 0 0
0 1 0 0 0
0 1 0 0 0
0 1 0 0 0
0 1 0 0 0
0 1 0 0 0
0 1 0 0 0
0 1 0 0 0
0 1 0 0 0
0 1 0 0 0
0.0488177415718383 1 0 0 0
0.0610485676588723 1 0 0 0
0.159504921612097 1 0 0 0
0.248662754984252 1 0 0 0
0.246937201154651 1 0 0 0
0.265859209321206 1 0 0 0
0.184310366421414 1 0 0 0
0.211362168101914 1 0 0 0
0.135216861963272 1 0 0 0
0.268864909230615 1 0 0 0
0.131793368382205 0 1 0 0
0.233195721193624 0 0 0 0
0.367192369594704 0 0 0 0
0.33969492506003 0 0 0 0
0.550130433111917 0 0 0 0
0.277465860563098 0 0 0 0
0.511517540871864 0 0 1 0
0.324304069636128 0 0 1 0
0.53120397069506 0 0 1 0
0.449025217676535 0 0 0 0
0.444277837232221 0 0 0 0
0.201601445951383 0 0 0 0
0.419364327171934 0 0 0 0
0.808669865364209 0 0 0 0
1.72154484607745 0 0 0 0
2.11665968527086 0 0 0 0
1.88954503391869 0 0 0 0
1.16690059076063 0 0 0 0
0.888812472112477 0 0 0 0
0.596734440478031 0 0 0 0
0.709407817339525 0 0 0 0
0.844477777718566 0 0 0 0
0.712681983713992 0 0 0 0
0.687867774104234 0 0 0 0
0.382891254048445 0 0 0 0
0.346622522556572 0 0 0 0
0.444372157289763 0 0 0 0
0.278665449968685 0 0 0 0
0.119909273962548 0 0 0 0
0 0 0 0 0
0.0458237691418617 0 0 0 0
0 0 0 0 0
0 0 0 0 0
0 0 0 0 0
0 0 0 0 0
0 0 0 0 0
0 0 0 0 0
0 0 0 0 0
0 0 0 0 0
0 0 0 0 1
0 0 0 0 1
0 0 0 0 1
0 0 0 0 1
0 0 0 0 1
0 0 0 0 1
0 0 0 0 1
0 0 0 0 1
0 0 0 0 1
0 0 0 0 1
0 0 0 0 1
0 0 0 0 1
0 0 0 0 1
0 0 0 0 1
0 0 0 0 1
0 0 0 0 1
0 0 0 0 1
0 0 0 0 1
0 0 0 0 1
0 0 0 0 1
0 0 0 0 1
0 0 0 0 1
0 0 0 0 1
0 0 0 0 1
0 0 0 0 1
0 0 0 0 1
0 0 0 0 1
0 0 0 0 1
0 0 0 0 1
0 0 0 0 1
0 0 0 0 1
0 0 0 0 1
0 1 0 0 0
0 1 0 0 0
0 1 0 0 0
0 1 0 0 0
0 1 0 0 0
0 1 0 0 0
0 1 0 0 0
0 1 0 0 0
0 1 0 0 0
0 1 0 0 0
0 1 0 0 0
0 1 0 0 0
0 1 0 0 0
0 1 0 0 0
0 1 0 0 0
0 1 0 0 0
0 1 0 0 0
0 1 0 0 0
0.0282673154288204 1 0 0 0
0.151516779624217 1 0 0 0
0.0848976853831118 1 0 0 0
0 1 0 0 0
0 1 0 0 0
0 1 0 0 0
0 1 0 0 0
0 1 0 0 0
0 1 0 0 0
0 1 0 0 0
0 1 0 0 0
0 1 0 0 0
0 1 0 0 0
0 1 0 0 0
0 1 0 0 0
0 1 0 0 0
0 1 0 0 0
0 1 0 0 0
0 1 0 0 0
0 1 0 0 0
0 1 0 0 0
0 1 0 0 0
0 1 0 0 0
0 1 0 0 0
0 1 0 0 0
0 1 0 0 0
0 1 0 0 0
0 1 0 0 0
0 1 0 0 0
0 1 0 0 0
0 1 0 0 0
0 1 0 0 0
0 1 0 0 0
0 1 0 0 0
0 1 0 0 0
0 1 0 0 0
0 1 0 0 0
0 1 0 0 0
0 1 0 0 0
0 1 0 0 0
0 1 0 0 0
0 1 0 0 0
0 1 0 0 0
0 1 0 0 0
0 1 0 0 0
0 1 0 0 0
0 1 0 0 0
0 1 0 0 0
0 1 0 0 0
0 1 0 0 0
0 1 0 0 0
0 1 0 0 0
0 1 0 0 0
0 1 0 0 0
0 1 0 0 0
0 1 0 0 0
0 1 0 0 0
0 1 0 0 0
0 1 0 0 0
0 1 0 0 0
0 1 0 0 0
0 1 0 0 0
0 1 0 0 0
0 1 0 0 0
0 1 0 0 0
0 1 0 0 0
0 1 0 0 0
0 1 0 0 0
0 1 0 0 0
0 1 0 0 0
0 1 0 0 0
0 1 0 0 0
0 1 0 0 0
0 1 0 0 0
0 1 0 0 0
0 1 0 0 0
0 1 0 0 0
0 1 0 0 0
0 1 0 0 0
0 1 0 0 0
0 1 0 0 0
0 1 0 0 0
0 1 0 0 0
0 1 0 0 0
0 1 0 0 0
0 1 0 0 0
0 1 0 0 0
0 1 0 0 0
0 1 0 0 0
0 1 0 0 0
0 1 0 0 0
0 1 0 0 0
0 1 0 0 0
0 1 0 0 0
0 1 0 0 0
0 1 0 0 0
0 1 0 0 0
0 1 0 0 0
0 1 0 0 0
0 1 0 0 0
0 1 0 0 0
0 1 0 0 0
0 1 0 0 0
0 1 0 0 0
0 1 0 0 0
0 1 0 0 0
0 1 0 0 0
0 0 1 0 0
0 0 0 0 0
0 0 0 0 0
0 0 0 0 0
0 0 0 1 0
0 0 0 1 0
0 0 0 1 0
0 0 0 0 0
0 0 0 0 0
0 0 0 0 0
0 0 0 0 0
0 0 0 0 0
0 0 0 0 0
0 0 0 0 0
0.0766724806453567 0 0 0 0
0.323561671393691 0 0 0 0
0.139903975650668 0 0 0 0
0.0907522662600968 0 0 0 0
0 0 0 0 0
0 0 0 0 0
0 0 0 0 0
0 0 0 0 0
0 0 0 0 0
0 0 0 0 0
0 0 0 0 0
0 0 0 0 0
0 0 0 0 0
0 0 0 0 0
0 0 0 0 0
0 0 0 0 0
0 0 0 0 0
0 0 0 0 0
0 0 0 0 0
0 0 0 0 0
0 0 0 0 0
0 0 0 0 0
0 0 0 0 0
0.0787185526860412 0 0 0 1
0.109991571662249 0 0 0 1
0.0817912205093307 0 0 0 1
0.126378890229262 0 0 0 1
0.057106883105007 0 0 0 1
0.0434719499935454 0 0 0 1
0 0 0 0 1
0 0 0 0 1
0 0 0 0 1
0 0 0 0 1
0 0 0 0 1
0 0 0 0 1
0 0 0 0 1
0 0 0 0 1
0 0 0 0 1
0 0 0 0 1
0 0 0 0 1
0 0 0 0 1
0 0 0 0 1
0 0 0 0 1
0 0 0 0 1
0 0 0 0 1
0 0 0 0 1
0 0 0 0 1
0 0 0 0 1
0 0 0 0 1
0 0 0 0 1
0 0 0 0 1
0 0 0 0 1
0 0 0 0 1
0 0 0 0 1
0 0 0 0 1
0.117886060252204 1 0 0 0
0.29142624191536 1 0 0 0
0.14838059360045 1 0 0 0
0.255922509495576 1 0 0 0
0.0556867084924306 1 0 0 0
0.00605266177444719 1 0 0 0
0 1 0 0 0
0 1 0 0 0
0 1 0 0 0
0 1 0 0 0
0 1 0 0 0
0 1 0 0 0
0 1 0 0 0
0 1 0 0 0
0 1 0 0 0
0 1 0 0 0
0 1 0 0 0
0 1 0 0 0
0 1 0 0 0
0 1 0 0 0
0 1 0 0 0
0 1 0 0 0
0 1 0 0 0
0.0568948198633734 1 0 0 0
0.156918262746331 1 0 0 0
0.189835946457606 1 0 0 0
0.272426563697081 1 0 0 0
0.260998911471688 1 0 0 0
0.334340333211003 1 0 0 0
0.381671663490124 1 0 0 0
0.310641048599791 1 0 0 0
0.23097558732843 1 0 0 0
0.152989060737241 1 0 0 0
0.145203854117426 1 0 0 0
0.073709015168788 1 0 0 0
0 1 0 0 0
0 1 0 0 0
0 1 0 0 0
0 1 0 0 0
0 1 0 0 0
0 1 0 0 0
0 1 0 0 0
0 1 0 0 0
0 1 0 0 0
0 1 0 0 0
0 1 0 0 0
0 1 0 0 0
0 1 0 0 0
0 1 0 0 0
0 1 0 0 0
0 1 0 0 0
0 1 0 0 0
0 1 0 0 0
0 1 0 0 0
0 1 0 0 0
0 1 0 0 0
0 1 0 0 0
0 1 0 0 0
0 1 0 0 0
0 1 0 0 0
0 1 0 0 0
0 1 0 0 0
0 1 0 0 0
0 1 0 0 0
0 1 0 0 0
0 1 0 0 0
0 1 0 0 0
0 1 0 0 0
0 1 0 0 0
0 1 0 0 0
0 1 0 0 0
0 1 0 0 0
0 1 0 0 0
0 1 0 0 0
0 1 0 0 0
0 1 0 0 0
0 1 0 0 0
0 1 0 0 0
0 1 0 0 0
0 1 0 0 0
0 1 0 0 0
0 1 0 0 0
0 1 0 0 0
0 1 0 0 0
0 1 0 0 0
0.127935593809525 1 0 0 0
0.135140314512228 1 0 0 0
0.28835278499173 1 0 0 0
0.374868050130317 1 0 0 0
0.521007466886658 1 0 0 0
0.566299990168773 1 0 0 0
0.507769182149787 1 0 0 0
0.337897641657037 1 0 0 0
0.280026114523935 1 0 0 0
0.0416747770941583 1 0 0 0
0.0615373774053296 1 0 0 0
0 1 0 0 0
0 1 0 0 0
0 1 0 0 0
0 1 0 0 0
0 1 0 0 0
0 1 0 0 0
0 1 0 0 0
0 1 0 0 0
0.171026444149902 1 0 0 0
0 1 0 0 0
0.416597944422392 1 0 0 0
0.508017754327739 1 0 0 0
0.955130948568694 1 0 0 0
0.911943541723303 1 0 0 0
1.24847318511456 1 0 0 0
0.977974399575032 1 0 0 0
0.832094679935835 1 0 0 0
1.03642970498186 1 0 0 0
0.684404265484773 1 0 0 0
0.530312037881231 1 0 0 0
0.595963283558376 1 0 0 0
0.0534100472577848 1 0 0 0
0.194930287761963 1 0 0 0
0 1 0 0 0
0 1 0 0 0
0 1 0 0 0
0 1 0 0 0
0 1 0 0 0
0 1 0 0 0
0 0 1 0 0
0 0 0 0 0
0.109582488676097 0 0 0 0
0.0918025143619161 0 0 1 0
0.140391194690892 0 0 1 0
0.16689114164592 0 0 1 0
0.11026030352923 0 0 1 0
0.0803042689767608 0 0 0 0
0.0519347381668922 0 0 0 0
0 0 0 0 0
0 0 0 0 0
0 0 0 0 0
0 0 0 0 0
0 0 0 0 0
0 0 0 0 0
0 0 0 0 0
0 0 0 0 0
0 0 0 0 0
0 0 0 0 0
0 0 0 0 0
0 0 0 0 0
0 0 0 0 0
0 0 0 0 0
0 0 0 0 0
0 0 0 0 0
0 0 0 0 0
0 0 0 0 0
0 0 0 0 0
0 0 0 0 0
0 0 0 0 0
0 0 0 0 0
0 0 0 0 0
0 0 0 0 0
0 0 0 0 0
0 0 0 0 0
0 0 0 0 0
0 0 0 0 0
0 0 0 0 1
0 0 0 0 1
0 0 0 0 1
0 0 0 0 1
0 0 0 0 1
0 0 0 0 1
0 0 0 0 1
0 0 0 0 1
0 0 0 0 1
0 0 0 0 1
0 0 0 0 1
0 0 0 0 1
0 0 0 0 1
0 0 0 0 1
0.0612910862400895 0 0 0 1
0 0 0 0 1
0.138646263849296 0 0 0 1
0.0611161813139915 0 0 0 1
0.243996122662793 0 0 0 1
0.0576788970647613 0 0 0 1
0.078836405009497 0 0 0 1
0.0462911921204068 0 0 0 1
0.0629132682661293 0 0 0 1
0.256596929830266 0 0 0 1
0.334271686369902 0 0 0 1
0.35936250424129 0 0 0 1
0.888325623236597 0 0 0 1
0.838475561067753 0 0 0 1
0.841572706121951 0 0 0 1
1.21816098726413 0 0 0 1
1.36380885669496 0 0 0 1
1.15579713019542 0 0 0 1
0.0583081500735716 1 0 0 0
0.130865492224075 1 0 0 0
0.11899140827154 1 0 0 0
0.122916095278924 1 0 0 0
0.208645919883566 1 0 0 0
0.27351198332326 1 0 0 0
0.283763274637749 1 0 0 0
0.292458658805117 1 0 0 0
0.272828059678432 1 0 0 0
0.402172197937034 1 0 0 0
0.381836853193818 1 0 0 0
0.625756281806389 1 0 0 0
0.505178493767744 1 0 0 0
0.316707731712995 1 0 0 0
0.748622675018851 1 0 0 0
0.833127240184695 1 0 0 0
0.772167472860019 1 0 0 0
0.866495245645638 1 0 0 0
1.89193731057458 1 0 0 0
2.24192178575322 1 0 0 0
2.41062132408842 1 0 0 0
2.65529187163338 1 0 0 0
2.4840981932357 1 0 0 0
2.23779462976381 1 0 0 0
2.30555508460384 1 0 0 0
2.02969610108994 1 0 0 0
2.07100706757046 1 0 0 0
2.18433504051063 1 0 0 0
3.32254124805331 1 0 0 0
5.67917263833806 1 0 0 0
7.71682267077267 1 0 0 0
11.6562539478764 1 0 0 0
13.0839211633429 1 0 0 0
15.6459154095501 1 0 0 0
14.4841601140797 1 0 0 0
13.73655279167 1 0 0 0
13.0877201445401 1 0 0 0
14.3181930761784 1 0 0 0
14.2413629218936 1 0 0 0
17.0566397719085 1 0 0 0
21.9380371272564 1 0 0 0
23.9255637861788 1 0 0 0
21.0536713711917 1 0 0 0
17.3750235699117 1 0 0 0
13.1149359513074 1 0 0 0
10.0427367724478 1 0 0 0
7.01590039534494 1 0 0 0
6.11609267070889 1 0 0 0
5.29864366399124 1 0 0 0
3.83005815092474 1 0 0 0
5.39412547368556 1 0 0 0
6.45117403473705 1 0 0 0
7.16383708640933 1 0 0 0
9.02341026812792 1 0 0 0
10.3978419210762 1 0 0 0
10.4256831109524 1 0 0 0
8.19679698906839 1 0 0 0
6.12345803529024 1 0 0 0
4.97259991243482 1 0 0 0
4.23019286245108 1 0 0 0
3.00439895363525 1 0 0 0
2.0710006065201 1 0 0 0
1.59667908883421 1 0 0 0
2.02927119971719 1 0 0 0
2.13824993716116 1 0 0 0
2.63738391186052 1 0 0 0
3.01737916015554 1 0 0 0
3.83704039268196 1 0 0 0
5.36079698940739 1 0 0 0
6.83943904004991 1 0 0 0
8.25159414671361 1 0 0 0
8.96419445052743 1 0 0 0
6.82768563274294 1 0 0 0
6.1210046405904 1 0 0 0
5.14188304077834 1 0 0 0
4.82977472711354 1 0 0 0
3.29369230894372 1 0 0 0
2.86124623380601 1 0 0 0
1.93007961206604 1 0 0 0
1.98719929903746 1 0 0 0
1.75145709363278 1 0 0 0
2.10678167059086 1 0 0 0
2.33297966769896 1 0 0 0
3.0671315616928 1 0 0 0
4.13209683028981 1 0 0 0
4.57799615105614 1 0 0 0
5.44627639465034 1 0 0 0
5.62654732493684 1 0 0 0
7.14194343890995 1 0 0 0
7.16272450517863 1 0 0 0
8.06307734455913 1 0 0 0
7.40629190113395 1 0 0 0
7.06104154232889 1 0 0 0
6.6328146494925 1 0 0 0
5.35330228740349 1 0 0 0
4.41448448691517 1 0 0 0
3.52349391323514 1 0 0 0
3.63238886347972 1 0 0 0
2.85903908661567 1 0 0 0
3.5243192978669 1 0 0 0
3.81755919079296 1 0 0 0
4.43381682271138 1 0 0 0
5.47459413064644 1 0 0 0
7.80547747854143 1 0 0 0
11.0028219642118 1 0 0 0
15.0694365147501 1 0 0 0
16.2450089119375 1 0 0 0
15.0730849709362 1 0 0 0
13.8545914087445 1 0 0 0
10.9874368645251 1 0 0 0
9.71168966498226 1 0 0 0
7.51818087883294 1 0 0 0
6.36004202533513 1 0 0 0
5.11381437536329 1 0 0 0
5.28262869920582 1 0 0 0
4.74872026825324 1 0 0 0
4.34621371096 1 0 0 0
4.1493539174553 1 0 0 0
3.94414033507928 1 0 0 0
3.92632340663113 1 0 0 0
4.0315700462088 1 0 0 0
5.17836620565504 1 0 0 0
5.96884184051305 1 0 0 0
7.27196491789073 1 0 0 0
8.68772203102708 1 0 0 0
7.52662494778633 0 1 0 0
8.21413169614971 0 0 0 0
7.14784197043628 0 0 0 0
5.85687696002424 0 0 1 0
4.456939001102 0 0 1 0
3.26062797103077 0 0 1 0
2.16560048284009 0 0 1 0
1.59167687525041 0 0 0 0
1.07822663267143 0 0 0 0
1.16433003859129 0 0 0 0
1.39716172998305 0 0 0 0
1.49845363921486 0 0 0 0
1.56401898129843 0 0 0 0
1.39307213248685 0 0 0 0
0.848833362397272 0 0 0 0
0.729117637092713 0 0 0 0
0.621163628238719 0 0 0 0
0.418355226429412 0 0 0 0
0.242156723288645 0 0 0 0
0.184752188033599 0 0 0 0
0.319370861689094 0 0 0 0
0.371358270058408 0 0 0 0
0.540587032446638 0 0 0 0
0.456585134088527 0 0 0 0
0.538353950105375 0 0 0 0
0.558323066798039 0 0 0 0
0.598973405431025 0 0 0 0
0.659338526020292 0 0 0 0
0.564698217203841 0 0 0 0
0.792070582974702 0 0 0 0
0.773490850406233 0 0 0 0
1.05961543158628 0 0 0 0
1.34010190959089 0 0 0 0
1.55232379620429 0 0 0 0
1.90114552970044 0 0 0 0
1.91695743706077 0 0 0 0
2.27305313455872 0 0 0 0
2.01599803403951 0 0 0 1
2.52472760621458 0 0 0 1
2.23567022476345 0 0 0 1
1.86553331150208 0 0 0 1
1.46653858246282 0 0 0 1
1.13984452036675 0 0 0 1
0.72745999932522 0 0 0 1
2.14105535997078 0 0 0 1
4.61048947181553 0 0 0 1
10.1575573207811 0 0 0 1
16.6817202698439 0 0 0 1
23.9160088822246 0 0 0 1
27.8373644687235 0 0 0 1
27.2307954728603 0 0 0 1
24.1573718376458 0 0 0 1
18.9271541312337 0 0 0 1
12.9642114043236 0 0 0 1
10.0255155703053 0 0 0 1
6.93954946473241 0 0 0 1
4.62667166721076 0 0 0 1
3.22263693669811 0 0 0 1
2.1304000983946 0 0 0 1
1.94332443061285 0 0 0 1
1.89811221207492 0 0 0 1
1.93272301112302 0 0 0 1
1.43275581649505 0 0 0 1
1.40438694506884 0 0 0 1
1.17993100138847 0 0 0 1
1.07922665483784 0 0 0 1
0.637714234471787 0 0 0 1
0.491671500640223 0 0 0 1
0.323406424286077 0 0 0 1
0 1 0 0 0
0 1 0 0 0
0 1 0 0 0
0 1 0 0 0
0 1 0 0 0
0 1 0 0 0
0 1 0 0 0
0 1 0 0 0
0 1 0 0 0
0 1 0 0 0
0 1 0 0 0
0 1 0 0 0
0 1 0 0 0
0 1 0 0 0
0 1 0 0 0
0 1 0 0 0
0 1 0 0 0
0 1 0 0 0
0 1 0 0 0
0 1 0 0 0
0 1 0 0 0
0 1 0 0 0
0 1 0 0 0
0 1 0 0 0
0.0659588677081047 1 0 0 0
0.197777670109645 1 0 0 0
0.31120031781029 1 0 0 0
0.344525375112426 1 0 0 0
0.525992109032813 1 0 0 0
0.580033334699692 1 0 0 0
0.617328151747643 1 0 0 0
0.584354929742403 1 0 0 0
0.45076953165335 1 0 0 0
0.399185550122638 1 0 0 0
0.443533681391273 1 0 0 0
0.577267138396564 1 0 0 0
0.666868923872244 1 0 0 0
0.888942093297374 1 0 0 0
0.620695249381242 1 0 0 0
0.980638189503225 1 0 0 0
0.593344906519633 1 0 0 0
0.661247708194423 1 0 0 0
0.144717239891179 1 0 0 0
0 1 0 0 0
0 1 0 0 0
0 1 0 0 0
0.824773194835871 1 0 0 0
5.86270331405103 1 0 0 0
11.3891935907304 1 0 0 0
19.2073741927743 1 0 0 0
24.4965394958854 1 0 0 0
25.5319424904883 1 0 0 0
23.0114303994924 1 0 0 0
19.4092281162739 1 0 0 0
16.1442232783884 1 0 0 0
11.400381103158 1 0 0 0
8.57608078513294 1 0 0 0
6.57730340026319 1 0 0 0
4.57457260927185 1 0 0 0
3.60421324148774 1 0 0 0
2.12820148408355 1 0 0 0
1.42135765054263 1 0 0 0
0 1 0 0 0
0 1 0 0 0
0.0749139799154364 1 0 0 0
1.2185297528049 1 0 0 0
2.95434493000357 1 0 0 0
6.12268305849284 1 0 0 0
11.9867390021682 1 0 0 0
15.6395770609379 1 0 0 0
20.2145895455033 1 0 0 0
20.7663383334875 1 0 0 0
23.3985483646393 1 0 0 0
22.1560266800225 1 0 0 0
22.4470770917833 1 0 0 0
22.0276350155473 1 0 0 0
19.910752074793 1 0 0 0
18.430350581184 1 0 0 0
17.1127612702549 1 0 0 0
15.1834229473025 1 0 0 0
12.9986677784473 1 0 0 0
11.6335812490433 1 0 0 0
11.3145762588829 1 0 0 0
8.49207758437842 1 0 0 0
7.51305453013629 1 0 0 0
5.80855511361733 1 0 0 0
5.71153004420921 1 0 0 0
4.12637341651134 1 0 0 0
1.64468273851526 1 0 0 0
2.48460614238866 1 0 0 0
5.06574893370271 1 0 0 0
10.9998784027994 1 0 0 0
15.1123029645532 1 0 0 0
19.7044603992254 1 0 0 0
20.0842968188226 1 0 0 0
19.9907852802426 1 0 0 0
16.8216149322689 1 0 0 0
16.3640610408038 1 0 0 0
15.3652557637542 1 0 0 0
16.8930338695645 1 0 0 0
15.9515561535954 1 0 0 0
13.8496479485184 1 0 0 0
11.8057421641424 1 0 0 0
10.0337350741029 1 0 0 0
8.82928364444524 1 0 0 0
7.97079619951546 1 0 0 0
6.60726125352085 1 0 0 0
5.93923771521077 1 0 0 0
4.85676625976339 1 0 0 0
3.25510639231652 1 0 0 0
2.47719101025723 1 0 0 0
2.00338978902437 1 0 0 0
2.0483419066295 1 0 0 0
1.66780485596973 1 0 0 0
1.0509702769923 1 0 0 0
0.912687639356591 1 0 0 0
0.82275513705099 1 0 0 0
0.638504132439266 1 0 0 0
0.66570441777003 1 0 0 0
0.484487040012027 1 0 0 0
1.00180620938772 1 0 0 0
0.93081803242967 1 0 0 0
1.07863156517851 1 0 0 0
1.19190261466429 1 0 0 0
1.12990839988925 1 0 0 0
1.45621199044399 0 1 0 0
1.88071143929847 0 0 0 0
1.69188233849127 0 0 0 0
2.08493332320359 0 0 0 0
2.16944068961311 0 0 0 0
2.33181527437409 0 0 0 0
2.68406042596325 0 0 1 0
2.86743746255524 0 0 1 0
3.54462742689066 0 0 0 0
4.75504290079698 0 0 0 0
5.0337165594101 0 0 0 0
5.74991019675508 0 0 0 0
5.06130320718512 0 0 0 0
4.53069194918498 0 0 0 0
4.34026902075857 0 0 0 0
3.86898854048923 0 0 0 0
3.58131580287591 0 0 0 0
2.71486584097147 0 0 0 0
2.57020024582744 0 0 0 0
1.37699049082585 0 0 0 0
1.45221986167599 0 0 0 0
0.883420347236097 0 0 0 0
0.806059535534587 0 0 0 0
0.684113905663253 0 0 0 0
0.406638922868297 0 0 0 0
0.666619336698204 0 0 0 0
0.824159928015433 0 0 0 0
1.70951981272083 0 0 0 0
2.96615704428405 0 0 0 0
3.63586645107716 0 0 0 0
5.48312079627067 0 0 0 0
7.06222630105913 0 0 0 0
8.09985934756696 0 0 0 0
8.84926877915859 0 0 0 0
7.90454924572259 0 0 0 0
7.90413003414869 0 0 0 0
7.62156920973212 0 0 0 0
6.92705437541008 0 0 0 0
5.50885940901935 0 0 0 1
4.95336286257952 0 0 0 1
4.68112371163443 0 0 0 1
4.75907803047448 0 0 0 1
4.30170889012516 0 0 0 1
5.12077449820936 0 0 0 1
5.99344272632152 0 0 0 1
7.18453538138419 0 0 0 1
8.15914140548557 0 0 0 1
9.7849597223103 0 0 0 1
9.69125796109438 0 0 0 1
11.2866972340271 0 0 0 1
11.9259324856102 0 0 0 1
12.9630723968148 0 0 0 1
13.6449479032308 0 0 0 1
15.2109982445836 0 0 0 1
14.6768372505903 0 0 0 1
13.0147291347384 0 0 0 1
11.994818225503 0 0 0 1
9.4360604416579 0 0 0 1
8.61769251059741 0 0 0 1
7.33076850883663 0 0 0 1
6.01573823951185 0 0 0 1
6.09988672658801 0 0 0 1
5.32182992901653 0 0 0 1
5.43249258771539 0 0 0 1
4.72498708404601 0 0 0 1
4.70773922279477 0 0 0 1
3.88420419767499 0 0 0 1
4.34732285793871 0 0 0 1
3.553947142791 0 0 0 1
3.58178641181439 0 0 0 1
0 1 0 0 0
0.0563610772132961 1 0 0 0
0.138199886350776 1 0 0 0
0.179697714884242 1 0 0 0
0.19548809632397 1 0 0 0
0.389139539038297 1 0 0 0
0.325583756421111 1 0 0 0
0.418505820562132 1 0 0 0
0.287893603854172 1 0 0 0
0.355098256477504 1 0 0 0
0.31163580933935 1 0 0 0
0.260334460108425 1 0 0 0
0.290589085579995 1 0 0 0
0.249381781770808 1 0 0 0
0.301681642667972 1 0 0 0
0.285354912193725 1 0 0 0
0.22425819770433 1 0 0 0
0.254713420872577 1 0 0 0
0.193417399714235 1 0 0 0
0.155595134856412 1 0 0 0
0.16362466976716 1 0 0 0
0.171252895938778 1 0 0 0
0.0430847518160249 1 0 0 0
0 1 0 0 0
0.0108782551251352 1 0 0 0
0.0122535916489142 1 0 0 0
0.0605763843850582 1 0 0 0
0.408254818466958 1 0 0 0
0.714930196409114 1 0 0 0
0.70715317997383 1 0 0 0
0.860333879245445 1 0 0 0
0.780130874773022 1 0 0 0
0.756873698264826 1 0 0 0
0.818291286122985 1 0 0 0
0.778591238486115 1 0 0 0
0.660031779261772 1 0 0 0
0.626587174338056 1 0 0 0
0.539204125743709 1 0 0 0
0.528714313986711 1 0 0 0
0.337488530931296 1 0 0 0
0.30179671557562 1 0 0 0
0.204592899535783 1 0 0 0
0.123732632346218 1 0 0 0
0.0898720275017695 1 0 0 0
0.0586867790843826 1 0 0 0
0.0310067998725572 1 0 0 0
0.0239404871535953 1 0 0 0
0 1 0 0 0
0.136404951092572 1 0 0 0
0.142090115332394 1 0 0 0
0.165615138030262 1 0 0 0
0.290644118649652 1 0 0 0
0.443188189819921 1 0 0 0
0.511777725478169 1 0 0 0
0.592242038692348 1 0 0 0
0.585813912039157 1 0 0 0
0.44812722626375 1 0 0 0
0.451482730568387 1 0 0 0
0.474823176773498 1 0 0 0
0.35885753823095 1 0 0 0
0.310879946482601 1 0 0 0
0.223971339096352 1 0 0 0
0.372826962120598 1 0 0 0
0.240153260619991 1 0 0 0
0.258880012552254 1 0 0 0
0.131135294665796 1 0 0 0
0.0609143148722069 1 0 0 0
0 1 0 0 0
0 1 0 0 0
0 1 0 0 0
0 1 0 0 0
0 1 0 0 0
0 1 0 0 0
0 1 0 0 0
0 1 0 0 0
0 1 0 0 0
0 1 0 0 0
0 1 0 0 0
0.142189073812915 1 0 0 0
0.202072342744941 1 0 0 0
0.231614239510236 1 0 0 0
0.259291611200752 1 0 0 0
0.286479761598457 1 0 0 0
0.263170932612411 1 0 0 0
0.26022456404462 1 0 0 0
0.198507083041477 1 0 0 0
0.149035546201048 1 0 0 0
0.0508316373952766 1 0 0 0
0.0407202147698627 1 0 0 0
0 1 0 0 0
0 1 0 0 0
0 1 0 0 0
0 1 0 0 0
0 1 0 0 0
0 1 0 0 0
0 1 0 0 0
0 1 0 0 0
0 1 0 0 0
0 1 0 0 0
0 1 0 0 0
0 1 0 0 0
0 1 0 0 0
0 1 0 0 0
0 1 0 0 0
0 1 0 0 0
0 1 0 0 0
0 1 0 0 0
0 1 0 0 0
0 1 0 0 0
0 1 0 0 0
0 1 0 0 0
0 1 0 0 0
0 1 0 0 0
0 1 0 0 0
0 1 0 0 0
0 1 0 0 0
0 1 0 0 0
0 1 0 0 0
0 1 0 0 0
0 1 0 0 0
0 1 0 0 0
0 1 0 0 0
0 1 0 0 0
0 1 0 0 0
0 1 0 0 0
0 0 1 0 0
0 0 0 0 0
0 0 0 0 0
0.0211554561246885 0 0 0 0
0 0 0 0 0
0 0 0 0 0
0 0 0 0 0
0.0289516967768577 0 0 0 0
0 0 0 0 0
0.119047379484982 0 0 1 0
0.0890695946509368 0 0 1 0
0.256861840171041 0 0 1 0
0.320256825943943 0 0 1 0
0.436525158875156 0 0 0 0
0.504133549839025 0 0 0 0
0.496971057145856 0 0 0 0
0.716024282155558 0 0 0 0
0.558364794414956 0 0 0 0
0.63305963340099 0 0 0 0
0.552189827430993 0 0 0 0
0.816534920886625 0 0 0 0
0.560374281121767 0 0 0 0
0.576733244088246 0 0 0 0
0.54980831919238 0 0 0 0
0.460657232906669 0 0 0 0
0.457535024906974 0 0 0 0
0.519600325787906 0 0 0 0
0.553624569874955 0 0 0 0
0.483721025375417 0 0 0 0
0.454323224403197 0 0 0 0
0.30663195229863 0 0 0 0
0.23403693921864 0 0 0 0
0.0357628769052099 0 0 0 0
0.0241307989199413 0 0 0 0
0 0 0 0 0
0 0 0 0 0
0.00596637801208999 0 0 0 0
0 0 0 0 0
0 0 0 0 0
0 0 0 0 0
0 0 0 0 0
0 0 0 0 0
0.0636892364127561 0 0 0 0
0.0662182434609804 0 0 0 1
0.0770353699408588 0 0 0 1
0.0500977539132919 0 0 0 1
0.0740768837204087 0 0 0 1
0 0 0 0 1
0 0 0 0 1
0 0 0 0 1
0.0547793715668377 0 0 0 1
0.00836648996482836 0 0 0 1
0.0630890026513953 0 0 0 1
0.110019096609903 0 0 0 1
0.125854837506267 0 0 0 1
0.249808239459526 0 0 0 1
0.193089661479462 0 0 0 1
0.164607072292711 0 0 0 1
0.0765377222933239 0 0 0 1
0.15847189570195 0 0 0 1
0.0870858330017654 0 0 0 1
0.0324945940519683 0 0 0 1
0 0 0 0 1
0.142486573167844 0 0 0 1
0.0790303574831341 0 0 0 1
0.143996533552126 0 0 0 1
0 0 0 0 1
0.0587241709126829 0 0 0 1
0 0 0 0 1
0 0 0 0 1
0 0 0 0 1
0 0 0 0 1
0 0 0 0 1
0 0 0 0 1
0 0 0 0 1
3.57656338019297 1 0 0 0
3.7398737622425 1 0 0 0
3.5972585901618 1 0 0 0
3.59231920447201 1 0 0 0
3.48281700280495 1 0 0 0
3.5226336622145 1 0 0 0
3.24955972610041 1 0 0 0
3.00053291721269 1 0 0 0
2.75855319341645 1 0 0 0
2.59123320574872 1 0 0 0
2.44429273880087 1 0 0 0
2.48061600723304 1 0 0 0
2.25077464710921 1 0 0 0
2.32248881366104 1 0 0 0
1.94574857596308 1 0 0 0
2.17930917278863 1 0 0 0
2.10757716558874 1 0 0 0
2.30842013843358 1 0 0 0
2.43976683123037 1 0 0 0
2.69693936570548 1 0 0 0
3.05421714438125 1 0 0 0
4.10153501434252 1 0 0 0
5.65755239222199 1 0 0 0
7.42234475910664 1 0 0 0
10.0479800021276 1 0 0 0
14.1014566179365 1 0 0 0
16.5175783913583 1 0 0 0
16.894937492907 1 0 0 0
17.4753053579479 1 0 0 0
16.2486475892365 1 0 0 0
17.4769118893892 1 0 0 0
17.5498598255217 1 0 0 0
15.7329819630831 1 0 0 0
14.0393718611449 1 0 0 0
11.1421439796686 1 0 0 0
8.974559023045 1 0 0 0
6.88932673074305 1 0 0 0
5.89742558076978 1 0 0 0
4.9840749707073 1 0 0 0
3.97644593613222 1 0 0 0
2.8389957442414 1 0 0 0
2.72431707708165 1 0 0 0
2.27153665036894 1 0 0 0
2.26203500642441 1 0 0 0
2.25171956117265 1 0 0 0
2.64486501691863 1 0 0 0
2.25958999362774 1 0 0 0
2.56020875531249 1 0 0 0
2.31325990171172 1 0 0 0
2.18229129677638 1 0 0 0
2.06700069247745 1 0 0 0
2.01560676214285 1 0 0 0
1.66746698960196 1 0 0 0
1.40246981754899 1 0 0 0
1.28894782392308 1 0 0 0
1.07815349474549 1 0 0 0
0.979556978563778 1 0 0 0
0.805921881692484 1 0 0 0
0.770118422224186 1 0 0 0
0.60044525162084 1 0 0 0
0.569662508496549 1 0 0 0
0.561277607630473 1 0 0 0
0.578286410018336 1 0 0 0
0.692436209646985 1 0 0 0
0.735623492801096 1 0 0 0
0.770010705309687 1 0 0 0
1.16085095214657 1 0 0 0
1.3433882559184 1 0 0 0
1.75687712908257 1 0 0 0
2.13382655056193 1 0 0 0
2.53685034113005 1 0 0 0
3.45540361013263 1 0 0 0
4.0929198730737 1 0 0 0
5.30277227517217 1 0 0 0
6.51691039092839 1 0 0 0
7.80388526618481 1 0 0 0
9.05360199976712 1 0 0 0
10.5517518240958 1 0 0 0
11.8752426933497 1 0 0 0
13.2923473138362 1 0 0 0
14.2927528358996 1 0 0 0
14.8272318765521 1 0 0 0
15.6791100744158 1 0 0 0
15.8863109536469 1 0 0 0
16.2867733743042 1 0 0 0
16.2763672415167 1 0 0 0
17.2124865930527 1 0 0 0
17.3062833491713 1 0 0 0
17.1720194630325 1 0 0 0
16.4375829044729 1 0 0 0
15.0200875941664 1 0 0 0
14.2158796079457 1 0 0 0
12.749656336382 1 0 0 0
12.3617590870708 1 0 0 0
11.4740976132452 1 0 0 0
10.924584697932 1 0 0 0
9.08493378665298 1 0 0 0
8.27437813859433 1 0 0 0
7.3058505076915 1 0 0 0
6.09758135396987 1 0 0 0
5.28081390075386 1 0 0 0
4.67982597183436 1 0 0 0
4.12320182658732 1 0 0 0
3.59118654159829 1 0 0 0
3.45262611517683 1 0 0 0
3.41979885706678 1 0 0 0
3.42504237778485 1 0 0 0
3.16087415558286 1 0 0 0
2.87065605516545 1 0 0 0
2.63607903616503 1 0 0 0
2.32610901002772 1 0 0 0
1.89558073179796 1 0 0 0
1.69806987105403 1 0 0 0
1.43235024006572 1 0 0 0
1.14454622962512 1 0 0 0
1.18866415868979 1 0 0 0
1.2365618313197 1 0 0 0
1.4580647693947 1 0 0 0
1.4529037871398 1 0 0 0
1.59009115304798 1 0 0 0
1.69972336152568 1 0 0 0
1.83135695988312 1 0 0 0
1.42904685344547 1 0 0 0
1.18859554640949 1 0 0 0
1.03348222182831 1 0 0 0
0.991301945759915 0 1 0 0
0.750361912650988 0 0 0 0
0.704482859873679 0 0 0 0
0.689153301209444 0 0 0 0
0.712348286469933 0 0 0 0
0.741818497772329 0 0 0 0
0.686525439959951 0 0 0 0
0.767207828175742 0 0 1 0
0.778952373366337 0 0 1 0
0.825913353764918 0 0 1 0
0.76449664629763 0 0 0 0
0.697016483172774 0 0 0 0
0.822454159788322 0 0 0 0
0.725604681065306 0 0 0 0
0.825265342427883 0 0 0 0
0.841021224914584 0 0 0 0
0.894213124411181 0 0 0 0
0.782393057306763 0 0 0 0
0.898003097972833 0 0 0 0
0.72508351149736 0 0 0 0
0.72202920273412 0 0 0 0
0.620612561760936 0 0 0 0
0.645122141577303 0 0 0 0
0.56562355166534 0 0 0 0
0.56598884111736 0 0 0 0
0.639929618046153 0 0 0 0
0.69224327307893 0 0 0 0
0.799646368250251 0 0 0 0
0.891728326678276 0 0 0 0
0.960544537520036 0 0 0 0
0.992447246972006 0 0 0 0
1.11146239214577 0 0 0 0
1.02053231967147 0 0 0 0
1.1583085579332 0 0 0 0
1.09645356133115 0 0 0 0
1.24606877216138 0 0 0 0
1.20471921400167 0 0 0 0
1.2125032953918 0 0 0 0
1.22346605348866 0 0 0 0
1.16312454338185 0 0 0 0
1.05379066371825 0 0 0 1
1.00642829784192 0 0 0 1
0.924517691601068 0 0 0 1
0.918799923965707 0 0 0 1
0.7186353468569 0 0 0 1
0.604611588642001 0 0 0 1
0.486498520331224 0 0 0 1
0.488409998069983 0 0 0 1
0.35874116292689 0 0 0 1
0.26070606054418 0 0 0 1
0.23641149073228 0 0 0 1
0.163660855832859 0 0 0 1
0.141237350931078 0 0 0 1
0.17506671360934 0 0 0 1
0.236133768339641 0 0 0 1
0.177019652255694 0 0 0 1
0.157074814524094 0 0 0 1
0.209633309168566 0 0 0 1
0.213636820262764 0 0 0 1
0.359458803359303 0 0 0 1
0.507081596879289 0 0 0 1
0.666568063024897 0 0 0 1
0.880467843671795 0 0 0 1
1.1501429398777 0 0 0 1
1.39201669662725 0 0 0 1
1.444019479095 0 0 0 1
1.45502257510088 0 0 0 1
1.42379140015692 0 0 0 1
1.2689646682702 0 0 0 1
1.08792127866764 0 0 0 1
0.885753353941254 0 0 0 1
0.823045629658736 0 0 0 1
0 1 0 0 0
0 1 0 0 0
0 1 0 0 0
0 1 0 0 0
0 1 0 0 0
0 1 0 0 0
0 1 0 0 0
0 1 0 0 0
0 1 0 0 0
0 1 0 0 0
0 1 0 0 0
0 1 0 0 0
0 1 0 0 0
0 1 0 0 0
0 1 0 0 0
0 1 0 0 0
0 1 0 0 0
0 1 0 0 0
0 1 0 0 0
0 1 0 0 0
0 1 0 0 0
0 1 0 0 0
0 1 0 0 0
0 1 0 0 0
0 1 0 0 0
0 1 0 0 0
0 1 0 0 0
0 1 0 0 0
0 1 0 0 0
0 1 0 0 0
0 1 0 0 0
0 1 0 0 0
0 1 0 0 0
0 1 0 0 0
0 1 0 0 0
0 1 0 0 0
0 1 0 0 0
0 1 0 0 0
0 1 0 0 0
0 1 0 0 0
0 1 0 0 0
0 1 0 0 0
0 1 0 0 0
0 1 0 0 0
0 1 0 0 0
0 1 0 0 0
0 1 0 0 0
0 1 0 0 0
0 1 0 0 0
0 1 0 0 0
0 1 0 0 0
0 1 0 0 0
0 1 0 0 0
0 1 0 0 0
0 1 0 0 0
0 1 0 0 0
0 1 0 0 0
0 1 0 0 0
0 1 0 0 0
0 1 0 0 0
0 1 0 0 0
0 1 0 0 0
0 1 0 0 0
0 1 0 0 0
0 1 0 0 0
0 1 0 0 0
0 1 0 0 0
0 1 0 0 0
0 1 0 0 0
0 1 0 0 0
0 1 0 0 0
0 1 0 0 0
0 1 0 0 0
0 1 0 0 0
0 1 0 0 0
0 1 0 0 0
0 1 0 0 0
0 1 0 0 0
0 1 0 0 0
0 1 0 0 0
0 1 0 0 0
0 1 0 0 0
0 1 0 0 0
0 1 0 0 0
0 1 0 0 0
0 1 0 0 0
0 1 0 0 0
0 1 0 0 0
0 1 0 0 0
0 1 0 0 0
0 1 0 0 0
0 1 0 0 0
0 1 0 0 0
0 1 0 0 0
0 1 0 0 0
0 1 0 0 0
0 1 0 0 0
0 1 0 0 0
0 1 0 0 0
0 1 0 0 0
0 1 0 0 0
0 1 0 0 0
0 1 0 0 0
0 1 0 0 0
0 1 0 0 0
0 1 0 0 0
0 1 0 0 0
0 1 0 0 0
0 1 0 0 0
0 1 0 0 0
0 1 0 0 0
0 1 0 0 0
0 1 0 0 0
0 1 0 0 0
0 1 0 0 0
0 1 0 0 0
0 1 0 0 0
0 1 0 0 0
0 1 0 0 0
0 1 0 0 0
0 1 0 0 0
0 1 0 0 0
0 1 0 0 0
0 1 0 0 0
0 1 0 0 0
0 0 1 0 0
0 0 0 0 0
0 0 0 0 0
0 0 0 0 0
0 0 0 0 0
0 0 0 1 0
0 0 0 1 0
0 0 0 1 0
0 0 0 0 0
0 0 0 0 0
0 0 0 0 0
0 0 0 0 0
0 0 0 0 0
0 0 0 0 0
0 0 0 0 0
0 0 0 0 0
0 0 0 0 0
0 0 0 0 0
0 0 0 0 0
0 0 0 0 0
0 0 0 0 0
0 0 0 0 0
0 0 0 0 0
0 0 0 0 0
0 0 0 0 0
0 0 0 0 0
0 0 0 0 0
0 0 0 0 0
0 0 0 0 0
0 0 0 0 0
0 0 0 0 0
0 0 0 0 0
0 0 0 0 0
0 0 0 0 0
0 0 0 0 0
0 0 0 0 0
0 0 0 0 0
0 0 0 0 0
0 0 0 0 1
0 0 0 0 1
0 0 0 0 1
0 0 0 0 1
0 0 0 0 1
0 0 0 0 1
0 0 0 0 1
0 0 0 0 1
0 0 0 0 1
0 0 0 0 1
0 0 0 0 1
0 0 0 0 1
0 0 0 0 1
0 0 0 0 1
0 0 0 0 1
0 0 0 0 1
0 0 0 0 1
0 0 0 0 1
0 0 0 0 1
0 0 0 0 1
0 0 0 0 1
0 0 0 0 1
0 0 0 0 1
0 0 0 0 1
0 0 0 0 1
0 0 0 0 1
0 0 0 0 1
0 0 0 0 1
0 0 0 0 1
0 0 0 0 1
0 0 0 0 1
0 0 0 0 1
0 1 0 0 0
0 1 0 0 0
0 1 0 0 0
0 1 0 0 0
0 1 0 0 0
0 1 0 0 0
0 1 0 0 0
0 1 0 0 0
0 1 0 0 0
0 1 0 0 0
0 1 0 0 0
0 1 0 0 0
0 1 0 0 0
0 1 0 0 0
0 1 0 0 0
0 1 0 0 0
0 1 0 0 0
0 1 0 0 0
0 1 0 0 0
0 1 0 0 0
0 1 0 0 0
0 1 0 0 0
0 1 0 0 0
0 1 0 0 0
0 1 0 0 0
0 1 0 0 0
0 1 0 0 0
0 1 0 0 0
0 1 0 0 0
0 1 0 0 0
0 1 0 0 0
0 1 0 0 0
0.00334232936438639 1 0 0 0
0.00455439658253454 1 0 0 0
0.0342607481798041 1 0 0 0
0.00446909325546585 1 0 0 0
0 1 0 0 0
0.0966662537393859 1 0 0 0
0.12568444799399 1 0 0 0
0.206644092941133 1 0 0 0
0.179742319687648 1 0 0 0
0.252757597991149 1 0 0 0
0.213676832117926 1 0 0 0
0.160825951752486 1 0 0 0
0.135790787680889 1 0 0 0
0.152363394590793 1 0 0 0
0.157380616656155 1 0 0 0
0.071339308306051 1 0 0 0
0 1 0 0 0
0 1 0 0 0
0 1 0 0 0
0 1 0 0 0
0 1 0 0 0
0 1 0 0 0
0 1 0 0 0
0 1 0 0 0
0 1 0 0 0
0 1 0 0 0
0 1 0 0 0
0 1 0 0 0
0 1 0 0 0
0 1 0 0 0
0 1 0 0 0
0 1 0 0 0
0.0345423832186498 1 0 0 0
0.146944727021037 1 0 0 0
0.108633239506162 1 0 0 0
0.184789023023768 1 0 0 0
0.234007347899023 1 0 0 0
0.318894049996743 1 0 0 0
0.201657785510179 1 0 0 0
0.29831025221938 1 0 0 0
0.276013794064056 1 0 0 0
0.337716243848263 1 0 0 0
0.289714066639135 1 0 0 0
0.31982139489628 1 0 0 0
0.331556842866121 1 0 0 0
0.42978613419109 1 0 0 0
0.426647024141857 1 0 0 0
0.295537984129624 1 0 0 0
0.273601172011695 1 0 0 0
0.271473012844581 1 0 0 0
0.597524420300033 1 0 0 0
0.643645731997822 1 0 0 0
0.815174815215869 1 0 0 0
0.67494998620532 1 0 0 0
1.542622470879 1 0 0 0
3.30473977373913 1 0 0 0
5.73468173388392 1 0 0 0
9.18831408489496 1 0 0 0
12.8460098057985 1 0 0 0
15.4555062763393 1 0 0 0
19.0579947084188 1 0 0 0
22.4855947308242 1 0 0 0
24.2421636357903 1 0 0 0
23.5743978992105 1 0 0 0
20.5795390065759 1 0 0 0
16.2558658048511 1 0 0 0
10.8614524360746 1 0 0 0
7.88581348024309 1 0 0 0
5.91761141549796 1 0 0 0
3.71752178762108 1 0 0 0
2.48620292404667 1 0 0 0
1.71063333982602 1 0 0 0
1.29948175163008 1 0 0 0
1.3247890456114 1 0 0 0
1.49743430665694 1 0 0 0
1.73011951847002 1 0 0 0
1.77310005528852 1 0 0 0
1.96944433264434 1 0 0 0
2.05919521977194 1 0 0 0
2.15684168506414 1 0 0 0
2.15613874024712 1 0 0 0
2.23537409328856 1 0 0 0
2.08097510039806 1 0 0 0
1.78984450758435 1 0 0 0
1.63343266467564 1 0 0 0
1.57190152094699 1 0 0 0
1.45922051160596 1 0 0 0
1.26331670617219 1 0 0 0
1.19628690299578 1 0 0 0
1.14722784201149 1 0 0 0
1.42011143907439 1 0 0 0
1.59325974527746 1 0 0 0
1.79960197419859 1 0 0 0
2.03739973949268 0 1 0 0
2.35114162205718 0 0 0 0
2.58934556040913 0 0 0 0
2.75920252897777 0 0 0 0
2.74980533868074 0 0 0 0
2.87641590693966 0 0 1 0
2.60471846559085 0 0 1 0
2.57371985935606 0 0 0 0
2.08611352718435 0 0 0 0
1.90749406465329 0 0 0 0
1.56821284326725 0 0 0 0
1.34077807888389 0 0 0 0
1.08382193138823 0 0 0 0
0.792473496403545 0 0 0 0
0.654695417324547 0 0 0 0
0.542928086360916 0 0 0 0
0.48496531235287 0 0 0 0
0.434045348811196 0 0 0 0
0.352972423570463 0 0 0 0
0.277791306871222 0 0 0 0
0.186377574209473 0 0 0 0
0.234065671975259 0 0 0 0
0.182032395969145 0 0 0 0
0.204084488359513 0 0 0 0
0.267058796453057 0 0 0 0
0.331205777911237 0 0 0 0
0.301051884889603 0 0 0 0
0.32085948259919 0 0 0 0
0.23232674539031 0 0 0 0
0.186397276593198 0 0 0 0
0.125057063996792 0 0 0 0
0.11019161911463 0 0 0 0
0.00842577082948992 0 0 0 0
0 0 0 0 0
0 0 0 0 0
0 0 0 0 0
0 0 0 0 0
0 0 0 0 1
0 0 0 0 1
0 0 0 0 1
0 0 0 0 1
0.0234767321671825 0 0 0 1
0 0 0 0 1
0.0513119142624419 0 0 0 1
0.0590232662034396 0 0 0 1
0.070433363362099 0 0 0 1
0.0424614179337368 0 0 0 1
0.021517139430216 0 0 0 1
0.050175049182144 0 0 0 1
0 0 0 0 1
0 0 0 0 1
0 0 0 0 1
0 0 0 0 1
0 0 0 0 1
0 0 0 0 1
0 0 0 0 1
0 0 0 0 1
0 0 0 0 1
0 0 0 0 1
0 0 0 0 1
0 0 0 0 1
0 0 0 0 1
0 0 0 0 1
0 0 0 0 1
0 0 0 0 1
0 0 0 0 1
0 0 0 0 1
0 0 0 0 1
0 0 0 0 1
0 1 0 0 0
0 1 0 0 0
0 1 0 0 0
0 1 0 0 0
0 1 0 0 0
0 1 0 0 0
0 1 0 0 0
0 1 0 0 0
0 1 0 0 0
0 1 0 0 0
0 1 0 0 0
0 1 0 0 0
0 1 0 0 0
0 1 0 0 0
0 1 0 0 0
0 1 0 0 0
0 1 0 0 0
0 1 0 0 0
0 1 0 0 0
0 1 0 0 0
0 1 0 0 0
0 1 0 0 0
0 1 0 0 0
0 1 0 0 0
0 1 0 0 0
0 1 0 0 0
0 1 0 0 0
0 1 0 0 0
0 1 0 0 0
0 1 0 0 0
0 1 0 0 0
0 1 0 0 0
0 1 0 0 0
0 1 0 0 0
0 1 0 0 0
0 1 0 0 0
0 1 0 0 0
0 1 0 0 0
0 1 0 0 0
0 1 0 0 0
0 1 0 0 0
0 1 0 0 0
0 1 0 0 0
0 1 0 0 0
0 1 0 0 0
0 1 0 0 0
0 1 0 0 0
0 1 0 0 0
0 1 0 0 0
0 1 0 0 0
0 1 0 0 0
0 1 0 0 0
0 1 0 0 0
0 1 0 0 0
0 1 0 0 0
0 1 0 0 0
0 1 0 0 0
0 1 0 0 0
0 1 0 0 0
0 1 0 0 0
0 1 0 0 0
0 1 0 0 0
0 1 0 0 0
0 1 0 0 0
0 1 0 0 0
0 1 0 0 0
0 1 0 0 0
0 1 0 0 0
0 1 0 0 0
0 1 0 0 0
0 1 0 0 0
0 1 0 0 0
0 1 0 0 0
0 1 0 0 0
0 1 0 0 0
0 1 0 0 0
0 1 0 0 0
0 1 0 0 0
0 1 0 0 0
0 1 0 0 0
0 1 0 0 0
0 1 0 0 0
0 1 0 0 0
0 1 0 0 0
0 1 0 0 0
0 1 0 0 0
0 1 0 0 0
0 1 0 0 0
0 1 0 0 0
0 1 0 0 0
0 1 0 0 0
0 1 0 0 0
0 1 0 0 0
0 1 0 0 0
0 1 0 0 0
0 1 0 0 0
0 1 0 0 0
0 1 0 0 0
0 1 0 0 0
0 1 0 0 0
0 1 0 0 0
0 1 0 0 0
0 1 0 0 0
0 1 0 0 0
0 1 0 0 0
0 1 0 0 0
0 1 0 0 0
0 1 0 0 0
0 1 0 0 0
0 1 0 0 0
0 1 0 0 0
0 1 0 0 0
0 1 0 0 0
0 1 0 0 0
0 1 0 0 0
0 1 0 0 0
0 1 0 0 0
0 1 0 0 0
0 1 0 0 0
0 1 0 0 0
0 1 0 0 0
0 1 0 0 0
0 1 0 0 0
0 1 0 0 0
0 1 0 0 0
0 0 1 0 0
0 0 0 0 0
0 0 0 0 0
0 0 0 0 0
0 0 0 0 0
0 0 0 1 0
0 0 0 1 0
0 0 0 1 0
0 0 0 0 0
0 0 0 0 0
0 0 0 0 0
0 0 0 0 0
0 0 0 0 0
0 0 0 0 0
0 0 0 0 0
0 0 0 0 0
0 0 0 0 0
0 0 0 0 0
0 0 0 0 0
0 0 0 0 0
0 0 0 0 0
0 0 0 0 0
0 0 0 0 0
0 0 0 0 0
0 0 0 0 0
0 0 0 0 0
0 0 0 0 0
0 0 0 0 0
0 0 0 0 0
0 0 0 0 0
0 0 0 0 0
0 0 0 0 0
0 0 0 0 0
0 0 0 0 0
0 0 0 0 0
0 0 0 0 0
0 0 0 0 0
0 0 0 0 0
0 0 0 0 1
0 0 0 0 1
0 0 0 0 1
0 0 0 0 1
0 0 0 0 1
0 0 0 0 1
0 0 0 0 1
0 0 0 0 1
0 0 0 0 1
0 0 0 0 1
0 0 0 0 1
0 0 0 0 1
0 0 0 0 1
0 0 0 0 1
0 0 0 0 1
0 0 0 0 1
0 0 0 0 1
0 0 0 0 1
0 0 0 0 1
0 0 0 0 1
0 0 0 0 1
0 0 0 0 1
0 0 0 0 1
0 0 0 0 1
0 0 0 0 1
0 0 0 0 1
0 0 0 0 1
0 0 0 0 1
0 0 0 0 1
0 0 0 0 1
0 0 0 0 1
0 0 0 0 1
0 1 0 0 0
0 1 0 0 0
0 1 0 0 0
0 1 0 0 0
0 1 0 0 0
0 1 0 0 0
0 1 0 0 0
0 1 0 0 0
0 1 0 0 0
0 1 0 0 0
0 1 0 0 0
0 1 0 0 0
0 1 0 0 0
0 1 0 0 0
0 1 0 0 0
0 1 0 0 0
0 1 0 0 0
0 1 0 0 0
0 1 0 0 0
0 1 0 0 0
0 1 0 0 0
0 1 0 0 0
0 1 0 0 0
0 1 0 0 0
0 1 0 0 0
0 1 0 0 0
0 1 0 0 0
0 1 0 0 0
0 1 0 0 0
0 1 0 0 0
0 1 0 0 0
0 1 0 0 0
0 1 0 0 0
0 1 0 0 0
0 1 0 0 0
0 1 0 0 0
0 1 0 0 0
0 1 0 0 0
0 1 0 0 0
0 1 0 0 0
0 1 0 0 0
0 1 0 0 0
0 1 0 0 0
0 1 0 0 0
0 1 0 0 0
0 1 0 0 0
0 1 0 0 0
0 1 0 0 0
0 1 0 0 0
0 1 0 0 0
0 1 0 0 0
0 1 0 0 0
0 1 0 0 0
0 1 0 0 0
0 1 0 0 0
0 1 0 0 0
0 1 0 0 0
0 1 0 0 0
0 1 0 0 0
0 1 0 0 0
0 1 0 0 0
0 1 0 0 0
0 1 0 0 0
0 1 0 0 0
0 1 0 0 0
0 1 0 0 0
0 1 0 0 0
0 1 0 0 0
0 1 0 0 0
0 1 0 0 0
0 1 0 0 0
0 1 0 0 0
0 1 0 0 0
0 1 0 0 0
0 1 0 0 0
0 1 0 0 0
0 1 0 0 0
0 1 0 0 0
0 1 0 0 0
0 1 0 0 0
0 1 0 0 0
0 1 0 0 0
0 1 0 0 0
0 1 0 0 0
0 1 0 0 0
0 1 0 0 0
0 1 0 0 0
0 1 0 0 0
0 1 0 0 0
0 1 0 0 0
0 1 0 0 0
0 1 0 0 0
0 1 0 0 0
0 1 0 0 0
0 1 0 0 0
0 1 0 0 0
0 1 0 0 0
0 1 0 0 0
0 1 0 0 0
0 1 0 0 0
0 1 0 0 0
0 1 0 0 0
0 1 0 0 0
0 1 0 0 0
0 1 0 0 0
0 1 0 0 0
0 1 0 0 0
0 1 0 0 0
0 1 0 0 0
0 1 0 0 0
0 1 0 0 0
0 1 0 0 0
0 1 0 0 0
0 1 0 0 0
0 1 0 0 0
0 1 0 0 0
0 1 0 0 0
0 1 0 0 0
0 1 0 0 0
0 1 0 0 0
0 1 0 0 0
0 1 0 0 0
0 1 0 0 0
0 1 0 0 0
0 1 0 0 0
0 0 1 0 0
0 0 0 0 0
0 0 0 0 0
0 0 0 0 0
0 0 0 0 0
0 0 0 0 0
0 0 0 1 0
0 0 0 1 0
0 0 0 0 0
0 0 0 0 0
0 0 0 0 0
0 0 0 0 0
0 0 0 0 0
0 0 0 0 0
0 0 0 0 0
0 0 0 0 0
0 0 0 0 0
0 0 0 0 0
0 0 0 0 0
0 0 0 0 0
0 0 0 0 0
0 0 0 0 0
0 0 0 0 0
0 0 0 0 0
0 0 0 0 0
0 0 0 0 0
0 0 0 0 0
0 0 0 0 0
0 0 0 0 0
0 0 0 0 0
0 0 0 0 0
0 0 0 0 0
0 0 0 0 0
0 0 0 0 0
0 0 0 0 0
0 0 0 0 0
0 0 0 0 0
0 0 0 0 0
0 0 0 0 1
0 0 0 0 1
0 0 0 0 1
0 0 0 0 1
0 0 0 0 1
0 0 0 0 1
0 0 0 0 1
0 0 0 0 1
0 0 0 0 1
0 0 0 0 1
0 0 0 0 1
0 0 0 0 1
0 0 0 0 1
0 0 0 0 1
0 0 0 0 1
0 0 0 0 1
0 0 0 0 1
0 0 0 0 1
0 0 0 0 1
0 0 0 0 1
0 0 0 0 1
0 0 0 0 1
0 0 0 0 1
0 0 0 0 1
0 0 0 0 1
0 0 0 0 1
0 0 0 0 1
0 0 0 0 1
0 0 0 0 1
0 0 0 0 1
0 0 0 0 1
0 0 0 0 1
0 1 0 0 0
0 1 0 0 0
0 1 0 0 0
0 1 0 0 0
0 1 0 0 0
0 1 0 0 0
0 1 0 0 0
0 1 0 0 0
0 1 0 0 0
0 1 0 0 0
0 1 0 0 0
0 1 0 0 0
0 1 0 0 0
0 1 0 0 0
0 1 0 0 0
0 1 0 0 0
0 1 0 0 0
0 1 0 0 0
0 1 0 0 0
0 1 0 0 0
0 1 0 0 0
0 1 0 0 0
0 1 0 0 0
0 1 0 0 0
0 1 0 0 0
0 1 0 0 0
0 1 0 0 0
0 1 0 0 0
0 1 0 0 0
0 1 0 0 0
0 1 0 0 0
0 1 0 0 0
0 1 0 0 0
0 1 0 0 0
0 1 0 0 0
0 1 0 0 0
0 1 0 0 0
0 1 0 0 0
0 1 0 0 0
0 1 0 0 0
0 1 0 0 0
0 1 0 0 0
0 1 0 0 0
0 1 0 0 0
0 1 0 0 0
0 1 0 0 0
0 1 0 0 0
0 1 0 0 0
0 1 0 0 0
0 1 0 0 0
0 1 0 0 0
0 1 0 0 0
0 1 0 0 0
0 1 0 0 0
0 1 0 0 0
0 1 0 0 0
0 1 0 0 0
0 1 0 0 0
0 1 0 0 0
0 1 0 0 0
0 1 0 0 0
0 1 0 0 0
0 1 0 0 0
0 1 0 0 0
0 1 0 0 0
0 1 0 0 0
0 1 0 0 0
0 1 0 0 0
0 1 0 0 0
0 1 0 0 0
0 1 0 0 0
0 1 0 0 0
0 1 0 0 0
0 1 0 0 0
0 1 0 0 0
0 1 0 0 0
0 1 0 0 0
0 1 0 0 0
0 1 0 0 0
0 1 0 0 0
0 1 0 0 0
0 1 0 0 0
0 1 0 0 0
0 1 0 0 0
0 1 0 0 0
0 1 0 0 0
0 1 0 0 0
0 1 0 0 0
0 1 0 0 0
0 1 0 0 0
0 1 0 0 0
0 1 0 0 0
0 1 0 0 0
0 1 0 0 0
0 1 0 0 0
0 1 0 0 0
0 1 0 0 0
0 1 0 0 0
0 1 0 0 0
0 1 0 0 0
0 1 0 0 0
0 1 0 0 0
0 1 0 0 0
0 1 0 0 0
0 1 0 0 0
0 1 0 0 0
0 1 0 0 0
0 1 0 0 0
0 1 0 0 0
0 1 0 0 0
0 1 0 0 0
0 1 0 0 0
0 1 0 0 0
0 1 0 0 0
0 1 0 0 0
0 1 0 0 0
0 1 0 0 0
0 1 0 0 0
0 1 0 0 0
0 1 0 0 0
0 1 0 0 0
0 1 0 0 0
0 1 0 0 0
0 1 0 0 0
0 1 0 0 0
0 0 1 0 0
0 0 0 0 0
0 0 0 0 0
0 0 0 0 0
0 0 0 0 0
0 0 0 1 0
0 0 0 1 0
0 0 0 1 0
0 0 0 0 0
0 0 0 0 0
0 0 0 0 0
0 0 0 0 0
0 0 0 0 0
0 0 0 0 0
0 0 0 0 0
0 0 0 0 0
0 0 0 0 0
0 0 0 0 0
0 0 0 0 0
0 0 0 0 0
0 0 0 0 0
0 0 0 0 0
0 0 0 0 0
0 0 0 0 0
0 0 0 0 0
0 0 0 0 0
0 0 0 0 0
0 0 0 0 0
0 0 0 0 0
0 0 0 0 0
0 0 0 0 0
0 0 0 0 0
0 0 0 0 0
0 0 0 0 0
0 0 0 0 0
0 0 0 0 0
0 0 0 0 0
0 0 0 0 0
0 0 0 0 1
0 0 0 0 1
0 0 0 0 1
0 0 0 0 1
0 0 0 0 1
0 0 0 0 1
0 0 0 0 1
0 0 0 0 1
0 0 0 0 1
0 0 0 0 1
0 0 0 0 1
0 0 0 0 1
0 0 0 0 1
0 0 0 0 1
0 0 0 0 1
0 0 0 0 1
0 0 0 0 1
0 0 0 0 1
0 0 0 0 1
0 0 0 0 1
0 0 0 0 1
0 0 0 0 1
0 0 0 0 1
0 0 0 0 1
0 0 0 0 1
0 0 0 0 1
0 0 0 0 1
0 0 0 0 1
0 0 0 0 1
0 0 0 0 1
0 0 0 0 1
0 0 0 0 1
0 1 0 0 0
0 1 0 0 0
0 1 0 0 0
0 1 0 0 0
0 1 0 0 0
0 1 0 0 0
0 1 0 0 0
0 1 0 0 0
0 1 0 0 0
0 1 0 0 0
0 1 0 0 0
0 1 0 0 0
0 1 0 0 0
0 1 0 0 0
0 1 0 0 0
0 1 0 0 0
0 1 0 0 0
0.00978992420641589 1 0 0 0
0 1 0 0 0
0.014733336684003 1 0 0 0
0.027236481514592 1 0 0 0
0.0549280548511888 1 0 0 0
0.0239497519487486 1 0 0 0
0 1 0 0 0
0 1 0 0 0
0 1 0 0 0
0 1 0 0 0
0 1 0 0 0
0 1 0 0 0
0 1 0 0 0
0 1 0 0 0
0 1 0 0 0
0 1 0 0 0
0 1 0 0 0
0 1 0 0 0
0 1 0 0 0
0 1 0 0 0
0 1 0 0 0
0 1 0 0 0
0 1 0 0 0
0 1 0 0 0
0 1 0 0 0
0 1 0 0 0
0 1 0 0 0
0 1 0 0 0
0 1 0 0 0
0 1 0 0 0
0 1 0 0 0
0 1 0 0 0
0 1 0 0 0
0 1 0 0 0
0 1 0 0 0
0 1 0 0 0
0 1 0 0 0
0 1 0 0 0
0 1 0 0 0
0 1 0 0 0
0 1 0 0 0
0 1 0 0 0
0 1 0 0 0
0 1 0 0 0
0 1 0 0 0
0 1 0 0 0
0 1 0 0 0
0 1 0 0 0
0 1 0 0 0
0 1 0 0 0
0 1 0 0 0
0 1 0 0 0
0 1 0 0 0
0 1 0 0 0
0 1 0 0 0
0 1 0 0 0
0 1 0 0 0
0 1 0 0 0
0 1 0 0 0
0 1 0 0 0
0 1 0 0 0
0 1 0 0 0
0 1 0 0 0
0 1 0 0 0
0 1 0 0 0
0 1 0 0 0
0 1 0 0 0
0 1 0 0 0
0 1 0 0 0
0 1 0 0 0
0 1 0 0 0
0 1 0 0 0
0 1 0 0 0
0 1 0 0 0
0 1 0 0 0
0 1 0 0 0
0 1 0 0 0
0 1 0 0 0
0 1 0 0 0
0 1 0 0 0
0 1 0 0 0
0 1 0 0 0
0 1 0 0 0
0 1 0 0 0
0 1 0 0 0
0 1 0 0 0
0 1 0 0 0
0 1 0 0 0
0 1 0 0 0
0 1 0 0 0
0 1 0 0 0
0 1 0 0 0
0 1 0 0 0
0 1 0 0 0
0 1 0 0 0
0 1 0 0 0
0 1 0 0 0
0 1 0 0 0
0 1 0 0 0
0 1 0 0 0
0 1 0 0 0
0 1 0 0 0
0 1 0 0 0
0 1 0 0 0
0 1 0 0 0
0 1 0 0 0
0 1 0 0 0
0 1 0 0 0
0 0 1 0 0
0 0 0 0 0
0 0 0 0 0
0 0 0 0 0
0 0 0 0 0
0 0 0 0 0
0 0 0 0 0
0 0 0 1 0
0 0 0 1 0
0 0 0 1 0
0 0 0 1 0
0 0 0 0 0
0 0 0 0 0
0 0 0 0 0
0 0 0 0 0
0 0 0 0 0
0 0 0 0 0
0 0 0 0 0
0 0 0 0 0
0 0 0 0 0
0 0 0 0 0
0 0 0 0 0
0 0 0 0 0
0 0 0 0 0
0 0 0 0 0
0 0 0 0 0
0.0435278298027697 0 0 0 0
0.163350163347786 0 0 0 0
0.0847548672027187 0 0 0 0
0.101526498838211 0 0 0 0
0.267105454440753 0 0 0 0
0.295289413770661 0 0 0 0
0.255259281402687 0 0 0 0
0.217471737414598 0 0 0 0
0.263481676029187 0 0 0 0
0.131364326080075 0 0 0 0
0.24708970431675 0 0 0 0
0.208826217658498 0 0 0 0
0.119533248380321 0 0 0 0
0.122399535030127 0 0 0 0
0.119603100984023 0 0 0 0
0.0795079877207172 0 0 0 1
0 0 0 0 1
0 0 0 0 1
0 0 0 0 1
0 0 0 0 1
0 0 0 0 1
0 0 0 0 1
0 0 0 0 1
0 0 0 0 1
0 0 0 0 1
0 0 0 0 1
0 0 0 0 1
0 0 0 0 1
0 0 0 0 1
0 0 0 0 1
0 0 0 0 1
0 0 0 0 1
0 0 0 0 1
0 0 0 0 1
0 0 0 0 1
0.00147372247738531 0 0 0 1
0 0 0 0 1
0 0 0 0 1
0 0 0 0 1
0 0 0 0 1
0 0 0 0 1
0 0 0 0 1
0 0 0 0 1
0 0 0 0 1
0 0 0 0 1
0 0 0 0 1
0 0 0 0 1
0 1 0 0 0
0 1 0 0 0
0 1 0 0 0
0 1 0 0 0
0 1 0 0 0
0.0259597782132914 1 0 0 0
0.0487192100990796 1 0 0 0
0.0281151333183516 1 0 0 0
0.135523961944273 1 0 0 0
0.149544932355639 1 0 0 0
0.251032692176523 1 0 0 0
0.225357292492845 1 0 0 0
0.44529368460644 1 0 0 0
0.443748758698348 1 0 0 0
0.576156058741617 1 0 0 0
0.652791730317404 1 0 0 0
0.251595147346961 1 0 0 0
0.226215131988283 1 0 0 0
0.286751606836333 1 0 0 0
0.394323378714034 1 0 0 0
0.30281045474112 1 0 0 0
0.171172941918485 1 0 0 0
0.209162944429409 1 0 0 0
0.238644987803127 1 0 0 0
0.0835952320699107 1 0 0 0
0 1 0 0 0
0.0765597457075273 1 0 0 0
0.0764566930229194 1 0 0 0
0.0101727437140653 1 0 0 0
0.0208828133736461 1 0 0 0
0 1 0 0 0
0 1 0 0 0
0 1 0 0 0
0 1 0 0 0
0 1 0 0 0
0 1 0 0 0
0 1 0 0 0
0 1 0 0 0
0 1 0 0 0
0 1 0 0 0
0 1 0 0 0
0.0107200366983307 1 0 0 0
0.0367294076113467 1 0 0 0
0.115914270281792 1 0 0 0
0.0733126435079612 1 0 0 0
0.0355442552972818 1 0 0 0
0.124417754705064 1 0 0 0
0 1 0 0 0
0.0391088410651719 1 0 0 0
0.0261518164279551 1 0 0 0
0.0328565001836978 1 0 0 0
0 1 0 0 0
0 1 0 0 0
0.00860630461829714 1 0 0 0
0.034048362294925 1 0 0 0
0.0842093031678814 1 0 0 0
0.0761947594583035 1 0 0 0
0.0797327620603028 1 0 0 0
0.014307255469248 1 0 0 0
0.0531156113083853 1 0 0 0
0 1 0 0 0
0 1 0 0 0
0 1 0 0 0
0 1 0 0 0
0 1 0 0 0
0 1 0 0 0
0 1 0 0 0
0 1 0 0 0
0 1 0 0 0
0 1 0 0 0
0 1 0 0 0
0 1 0 0 0
0 1 0 0 0
0 1 0 0 0
0 1 0 0 0
0 1 0 0 0
0 1 0 0 0
0 1 0 0 0
0 1 0 0 0
0 1 0 0 0
0 1 0 0 0
0.0161559328262229 1 0 0 0
0.0350758896274783 1 0 0 0
0.135092668642756 1 0 0 0
0.0821366925265465 1 0 0 0
0 1 0 0 0
0 1 0 0 0
0 1 0 0 0
0 1 0 0 0
0 1 0 0 0
0 1 0 0 0
0 1 0 0 0
0 1 0 0 0
0 1 0 0 0
0 1 0 0 0
0 1 0 0 0
0 1 0 0 0
0 1 0 0 0
0 1 0 0 0
0 1 0 0 0
0 1 0 0 0
0 1 0 0 0
0 1 0 0 0
0 1 0 0 0
0 1 0 0 0
0 1 0 0 0
0 1 0 0 0
0 1 0 0 0
0 1 0 0 0
0 1 0 0 0
0 1 0 0 0
0 1 0 0 0
0 1 0 0 0
0 1 0 0 0
0 1 0 0 0
0 1 0 0 0
0 1 0 0 0
0 1 0 0 0
0 1 0 0 0
0 1 0 0 0
0 1 0 0 0
0 1 0 0 0
0 1 0 0 0
0 1 0 0 0
0 1 0 0 0
0 0 1 0 0
0 0 0 0 0
0 0 0 0 0
0 0 0 0 0
0 0 0 0 0
0 0 0 0 0
0 0 0 0 0
0 0 0 1 0
0 0 0 1 0
0 0 0 1 0
0 0 0 1 0
0 0 0 1 0
0 0 0 0 0
0 0 0 0 0
0 0 0 0 0
0 0 0 0 0
0 0 0 0 0
0 0 0 0 0
0 0 0 0 0
0 0 0 0 0
0 0 0 0 0
0 0 0 0 0
0 0 0 0 0
0 0 0 0 0
0 0 0 0 0
0 0 0 0 0
0 0 0 0 0
0 0 0 0 0
0 0 0 0 0
0 0 0 0 0
0 0 0 0 0
0 0 0 0 0
0 0 0 0 0
0 0 0 0 0
0 0 0 0 0
0 0 0 0 0
0 0 0 0 0
0 0 0 0 0
0 0 0 0 0
0 0 0 0 0
0 0 0 0 0
0 0 0 0 0
0 0 0 0 1
0 0 0 0 1
0 0 0 0 1
0 0 0 0 1
0 0 0 0 1
0 0 0 0 1
0 0 0 0 1
0 0 0 0 1
0 0 0 0 1
0 0 0 0 1
0 0 0 0 1
0 0 0 0 1
0 0 0 0 1
0 0 0 0 1
0 0 0 0 1
0 0 0 0 1
0 0 0 0 1
0 0 0 0 1
0 0 0 0 1
0 0 0 0 1
0 0 0 0 1
0 0 0 0 1
0 0 0 0 1
0 0 0 0 1
0 0 0 0 1
0 0 0 0 1
0 0 0 0 1
0 0 0 0 1
0 0 0 0 1
0 0 0 0 1
0 0 0 0 1
0 0 0 0 1
0 1 0 0 0
0 1 0 0 0
0 1 0 0 0
0 1 0 0 0
0 1 0 0 0
0 1 0 0 0
0 1 0 0 0
0 1 0 0 0
0 1 0 0 0
0 1 0 0 0
0 1 0 0 0
0 1 0 0 0
0 1 0 0 0
0 1 0 0 0
0 1 0 0 0
0 1 0 0 0
0 1 0 0 0
0 1 0 0 0
0 1 0 0 0
0 1 0 0 0
0 1 0 0 0
0 1 0 0 0
0 1 0 0 0
0 1 0 0 0
0 1 0 0 0
0 1 0 0 0
0 1 0 0 0
0 1 0 0 0
0 1 0 0 0
0 1 0 0 0
0 1 0 0 0
0 1 0 0 0
0 1 0 0 0
0 1 0 0 0
0 1 0 0 0
0 1 0 0 0
0 1 0 0 0
0 1 0 0 0
0 1 0 0 0
0 1 0 0 0
0 1 0 0 0
0 1 0 0 0
0 1 0 0 0
0 1 0 0 0
0 1 0 0 0
0 1 0 0 0
0 1 0 0 0
0 1 0 0 0
0 1 0 0 0
0 1 0 0 0
0 1 0 0 0
0 1 0 0 0
0 1 0 0 0
0 1 0 0 0
0 1 0 0 0
0 1 0 0 0
0 1 0 0 0
0 1 0 0 0
0 1 0 0 0
0 1 0 0 0
0 1 0 0 0
0 1 0 0 0
0 1 0 0 0
0 1 0 0 0
0 1 0 0 0
0 1 0 0 0
0 1 0 0 0
0 1 0 0 0
0 1 0 0 0
0 1 0 0 0
0 1 0 0 0
0 1 0 0 0
0 1 0 0 0
0 1 0 0 0
0 1 0 0 0
0 1 0 0 0
0 1 0 0 0
0 1 0 0 0
0 1 0 0 0
0 1 0 0 0
0 1 0 0 0
0 1 0 0 0
0 1 0 0 0
0 1 0 0 0
0 1 0 0 0
0 1 0 0 0
0 1 0 0 0
0 1 0 0 0
0 1 0 0 0
0 1 0 0 0
0 1 0 0 0
0 1 0 0 0
0 1 0 0 0
0 1 0 0 0
0 1 0 0 0
0 1 0 0 0
0 1 0 0 0
0 1 0 0 0
0 1 0 0 0
0 1 0 0 0
0 1 0 0 0
0 1 0 0 0
0 1 0 0 0
0 1 0 0 0
0 1 0 0 0
0 1 0 0 0
0 1 0 0 0
0 1 0 0 0
0 1 0 0 0
0 1 0 0 0
0 1 0 0 0
0 1 0 0 0
0 1 0 0 0
0 1 0 0 0
0 1 0 0 0
0 1 0 0 0
0 1 0 0 0
0 1 0 0 0
0 1 0 0 0
0 1 0 0 0
0 1 0 0 0
0 1 0 0 0
0 1 0 0 0
0 1 0 0 0
0 1 0 0 0
0 0 1 0 0
0 0 0 0 0
0 0 0 0 0
0 0 0 0 0
0 0 0 0 0
0 0 0 0 0
0 0 0 1 0
0 0 0 1 0
0 0 0 1 0
0 0 0 1 0
0 0 0 0 0
0 0 0 0 0
0 0 0 0 0
0 0 0 0 0
0 0 0 0 0
0 0 0 0 0
0 0 0 0 0
0 0 0 0 0
0 0 0 0 0
0 0 0 0 0
0 0 0 0 0
0 0 0 0 0
0 0 0 0 0
0 0 0 0 0
0 0 0 0 0
0 0 0 0 0
0 0 0 0 0
0 0 0 0 0
0 0 0 0 0
0 0 0 0 0
0 0 0 0 0
0 0 0 0 0
0 0 0 0 0
0 0 0 0 0
0 0 0 0 0
0 0 0 0 0
0 0 0 0 0
0 0 0 0 0
0 0 0 0 0
0 0 0 0 0
0 0 0 0 1
0 0 0 0 1
0 0 0 0 1
0 0 0 0 1
0 0 0 0 1
0.0633859253866831 0 0 0 1
0 0 0 0 1
0.238485609543204 0 0 0 1
0.0380795499950182 0 0 0 1
0 0 0 0 1
0 0 0 0 1
0 0 0 0 1
0 0 0 0 1
0 0 0 0 1
0 0 0 0 1
0 0 0 0 1
0 0 0 0 1
0 0 0 0 1
0 0 0 0 1
0 0 0 0 1
0 0 0 0 1
0 0 0 0 1
0 0 0 0 1
0 0 0 0 1
0 0 0 0 1
0 0 0 0 1
0 0 0 0 1
0 0 0 0 1
0 0 0 0 1
0 0 0 0 1
0 0 0 0 1
0 0 0 0 1
0 1 0 0 0
0 1 0 0 0
0 1 0 0 0
0 1 0 0 0
0 1 0 0 0
0 1 0 0 0
0 1 0 0 0
0 1 0 0 0
0 1 0 0 0
0 1 0 0 0
0 1 0 0 0
0 1 0 0 0
0 1 0 0 0
0 1 0 0 0
0 1 0 0 0
0 1 0 0 0
0 1 0 0 0
0 1 0 0 0
0 1 0 0 0
0 1 0 0 0
0 1 0 0 0
0 1 0 0 0
0 1 0 0 0
0 1 0 0 0
0 1 0 0 0
0 1 0 0 0
0 1 0 0 0
0 1 0 0 0
0 1 0 0 0
0 1 0 0 0
0 1 0 0 0
0 1 0 0 0
0 1 0 0 0
0 1 0 0 0
0 1 0 0 0
0 1 0 0 0
0 1 0 0 0
0 1 0 0 0
0 1 0 0 0
0 1 0 0 0
0 1 0 0 0
0 1 0 0 0
0 1 0 0 0
0 1 0 0 0
0 1 0 0 0
0 1 0 0 0
0 1 0 0 0
0 1 0 0 0
0 1 0 0 0
0 1 0 0 0
0 1 0 0 0
0 1 0 0 0
0 1 0 0 0
0 1 0 0 0
0 1 0 0 0
0 1 0 0 0
0 1 0 0 0
0 1 0 0 0
0 1 0 0 0
0 1 0 0 0
0 1 0 0 0
0 1 0 0 0
0 1 0 0 0
0 1 0 0 0
0 1 0 0 0
0 1 0 0 0
0 1 0 0 0
0 1 0 0 0
0 1 0 0 0
0 1 0 0 0
0 1 0 0 0
0 1 0 0 0
0 1 0 0 0
0 1 0 0 0
0 1 0 0 0
0 1 0 0 0
0 1 0 0 0
0 1 0 0 0
0 1 0 0 0
0 1 0 0 0
0 1 0 0 0
0 1 0 0 0
0 1 0 0 0
0 1 0 0 0
0 1 0 0 0
0 1 0 0 0
0 1 0 0 0
0 1 0 0 0
0 1 0 0 0
0 1 0 0 0
0 1 0 0 0
0 1 0 0 0
0 1 0 0 0
0 1 0 0 0
0 1 0 0 0
0 1 0 0 0
0 1 0 0 0
0 1 0 0 0
0 1 0 0 0
0 1 0 0 0
0 1 0 0 0
0 1 0 0 0
0 1 0 0 0
0 1 0 0 0
0 1 0 0 0
0 1 0 0 0
0 1 0 0 0
0 1 0 0 0
0 1 0 0 0
0 1 0 0 0
0 1 0 0 0
0 1 0 0 0
0 1 0 0 0
0 1 0 0 0
0 1 0 0 0
0 1 0 0 0
0 1 0 0 0
0 1 0 0 0
0 1 0 0 0
0 1 0 0 0
0 1 0 0 0
0 1 0 0 0
0 1 0 0 0
0 1 0 0 0
0 1 0 0 0
0 0 1 0 0
0 0 0 0 0
0 0 0 0 0
0 0 0 0 0
0 0 0 0 0
0 0 0 0 0
0 0 0 1 0
0 0 0 1 0
0 0 0 1 0
0 0 0 0 0
0 0 0 0 0
0 0 0 0 0
0 0 0 0 0
0 0 0 0 0
0 0 0 0 0
0 0 0 0 0
0 0 0 0 0
0 0 0 0 0
0 0 0 0 0
0 0 0 0 0
0 0 0 0 0
0 0 0 0 0
0 0 0 0 0
0 0 0 0 0
0 0 0 0 0
0 0 0 0 0
0 0 0 0 0
0 0 0 0 0
0 0 0 0 0
0 0 0 0 0
0 0 0 0 0
0 0 0 0 0
0 0 0 0 0
0 0 0 0 0
0 0 0 0 0
0 0 0 0 0
0 0 0 0 0
0 0 0 0 0
0 0 0 0 0
0 0 0 0 1
0 0 0 0 1
0 0 0 0 1
0 0 0 0 1
0 0 0 0 1
0 0 0 0 1
0 0 0 0 1
0 0 0 0 1
0 0 0 0 1
0 0 0 0 1
0 0 0 0 1
0 0 0 0 1
0 0 0 0 1
0 0 0 0 1
0 0 0 0 1
0 0 0 0 1
0 0 0 0 1
0 0 0 0 1
0 0 0 0 1
0 0 0 0 1
0 0 0 0 1
0 0 0 0 1
0 0 0 0 1
0 0 0 0 1
0 0 0 0 1
0 0 0 0 1
0 0 0 0 1
0 0 0 0 1
0 0 0 0 1
0 0 0 0 1
0 0 0 0 1
0 0 0 0 1
0 1 0 0 0
0 1 0 0 0
0 1 0 0 0
0 1 0 0 0
0 1 0 0 0
0 1 0 0 0
0 1 0 0 0
0 1 0 0 0
0 1 0 0 0
0 1 0 0 0
0 1 0 0 0
0 1 0 0 0
0 1 0 0 0
0 1 0 0 0
0 1 0 0 0
0 1 0 0 0
0 1 0 0 0
0 1 0 0 0
0 1 0 0 0
0 1 0 0 0
0 1 0 0 0
0 1 0 0 0
0 1 0 0 0
0 1 0 0 0
0 1 0 0 0
0 1 0 0 0
0 1 0 0 0
0 1 0 0 0
0 1 0 0 0
0 1 0 0 0
0 1 0 0 0
0 1 0 0 0
0 1 0 0 0
0 1 0 0 0
0 1 0 0 0
0 1 0 0 0
0 1 0 0 0
0 1 0 0 0
0 1 0 0 0
0 1 0 0 0
0 1 0 0 0
0 1 0 0 0
0 1 0 0 0
0 1 0 0 0
0 1 0 0 0
0 1 0 0 0
0 1 0 0 0
0 1 0 0 0
0 1 0 0 0
0 1 0 0 0
0 1 0 0 0
0 1 0 0 0
0 1 0 0 0
0 1 0 0 0
0 1 0 0 0
0 1 0 0 0
0 1 0 0 0
0 1 0 0 0
0 1 0 0 0
0 1 0 0 0
0 1 0 0 0
0 1 0 0 0
0 1 0 0 0
0 1 0 0 0
0 1 0 0 0
0 1 0 0 0
0 1 0 0 0
0 1 0 0 0
0 1 0 0 0
0 1 0 0 0
0 1 0 0 0
0 1 0 0 0
0 1 0 0 0
0 1 0 0 0
0 1 0 0 0
0 1 0 0 0
0 1 0 0 0
0 1 0 0 0
0 1 0 0 0
0 1 0 0 0
0 1 0 0 0
0 1 0 0 0
0 1 0 0 0
0 1 0 0 0
0 1 0 0 0
0 1 0 0 0
0 1 0 0 0
0 1 0 0 0
0 1 0 0 0
0 1 0 0 0
0 1 0 0 0
0 1 0 0 0
0 1 0 0 0
0 1 0 0 0
0 1 0 0 0
0 1 0 0 0
0 1 0 0 0
0 1 0 0 0
0 1 0 0 0
0 1 0 0 0
0 1 0 0 0
0 1 0 0 0
0 1 0 0 0
0 1 0 0 0
0 1 0 0 0
0 1 0 0 0
0 1 0 0 0
0 1 0 0 0
0 1 0 0 0
0 1 0 0 0
0 1 0 0 0
0 1 0 0 0
0 1 0 0 0
0 1 0 0 0
0 1 0 0 0
0 1 0 0 0
0 1 0 0 0
0 1 0 0 0
0 1 0 0 0
0 1 0 0 0
0 1 0 0 0
0 1 0 0 0
0 1 0 0 0
0 1 0 0 0
0 1 0 0 0
0 0 1 0 0
0 0 0 0 0
0 0 0 0 0
0 0 0 0 0
0 0 0 0 0
0 0 0 0 0
0 0 0 1 0
0 0 0 1 0
0 0 0 1 0
0 0 0 1 0
0 0 0 0 0
0 0 0 0 0
0 0 0 0 0
0 0 0 0 0
0 0 0 0 0
0 0 0 0 0
0 0 0 0 0
0 0 0 0 0
0 0 0 0 0
0 0 0 0 0
0 0 0 0 0
0 0 0 0 0
0 0 0 0 0
0 0 0 0 0
0 0 0 0 0
0 0 0 0 0
0 0 0 0 0
0 0 0 0 0
0 0 0 0 0
0 0 0 0 0
0 0 0 0 0
0 0 0 0 0
0 0 0 0 0
0 0 0 0 0
0 0 0 0 0
0 0 0 0 0
0 0 0 0 0
0 0 0 0 0
0 0 0 0 0
0 0 0 0 0
0 0 0 0 1
0 0 0 0 1
0 0 0 0 1
0 0 0 0 1
0 0 0 0 1
0 0 0 0 1
0 0 0 0 1
0 0 0 0 1
0 0 0 0 1
0 0 0 0 1
0 0 0 0 1
0 0 0 0 1
0 0 0 0 1
0 0 0 0 1
0 0 0 0 1
0 0 0 0 1
0 0 0 0 1
0 0 0 0 1
0 0 0 0 1
0 0 0 0 1
0 0 0 0 1
0 0 0 0 1
0 0 0 0 1
0 0 0 0 1
0 0 0 0 1
0 0 0 0 1
0 0 0 0 1
0 0 0 0 1
0 0 0 0 1
0 0 0 0 1
0 0 0 0 1
0 0 0 0 1
0 1 0 0 0
0 1 0 0 0
0 1 0 0 0
0 1 0 0 0
0 1 0 0 0
0 1 0 0 0
0 1 0 0 0
0 1 0 0 0
0 1 0 0 0
0 1 0 0 0
0 1 0 0 0
0 1 0 0 0
0 1 0 0 0
0 1 0 0 0
0 1 0 0 0
0 1 0 0 0
0 1 0 0 0
0 1 0 0 0
0 1 0 0 0
0 1 0 0 0
0 1 0 0 0
0 1 0 0 0
0 1 0 0 0
0 1 0 0 0
0 1 0 0 0
0 1 0 0 0
0 1 0 0 0
0 1 0 0 0
0 1 0 0 0
0 1 0 0 0
0 1 0 0 0
0 1 0 0 0
0 1 0 0 0
0 1 0 0 0
0 1 0 0 0
0 1 0 0 0
0 1 0 0 0
0 1 0 0 0
0 1 0 0 0
0 1 0 0 0
0 1 0 0 0
0 1 0 0 0
0 1 0 0 0
0 1 0 0 0
0 1 0 0 0
0 1 0 0 0
0 1 0 0 0
0 1 0 0 0
0 1 0 0 0
0 1 0 0 0
0 1 0 0 0
0 1 0 0 0
0 1 0 0 0
0 1 0 0 0
0 1 0 0 0
0 1 0 0 0
0 1 0 0 0
0 1 0 0 0
0 1 0 0 0
0 1 0 0 0
0 1 0 0 0
0 1 0 0 0
0 1 0 0 0
0 1 0 0 0
0 1 0 0 0
0 1 0 0 0
0 1 0 0 0
0 1 0 0 0
0 1 0 0 0
0 1 0 0 0
0 1 0 0 0
0 1 0 0 0
0 1 0 0 0
0 1 0 0 0
0 1 0 0 0
0 1 0 0 0
0 1 0 0 0
0 1 0 0 0
0 1 0 0 0
0 1 0 0 0
0 1 0 0 0
0 1 0 0 0
0 1 0 0 0
0 1 0 0 0
0 1 0 0 0
0 1 0 0 0
0.00611240875514341 1 0 0 0
0 1 0 0 0
0.0561201944719869 1 0 0 0
0.0166403584387353 1 0 0 0
0.0107352635723146 1 0 0 0
0 1 0 0 0
0 1 0 0 0
0 1 0 0 0
0 1 0 0 0
0 1 0 0 0
0 1 0 0 0
0 1 0 0 0
0 1 0 0 0
0 1 0 0 0
0 1 0 0 0
0 1 0 0 0
0 1 0 0 0
0 1 0 0 0
0 1 0 0 0
0 1 0 0 0
0 1 0 0 0
0 1 0 0 0
0 1 0 0 0
0 1 0 0 0
0 1 0 0 0
0 1 0 0 0
0 1 0 0 0
0 1 0 0 0
0 1 0 0 0
0 1 0 0 0
0 1 0 0 0
0 1 0 0 0
0 1 0 0 0
0 1 0 0 0
0 1 0 0 0
0 1 0 0 0
0 1 0 0 0
0 1 0 0 0
0 1 0 0 0
0 0 1 0 0
0 0 0 0 0
0 0 0 0 0
0 0 0 0 0
0 0 0 0 0
0 0 0 1 0
0 0 0 1 0
0 0 0 1 0
0 0 0 1 0
0 0 0 0 0
0 0 0 0 0
0 0 0 0 0
0 0 0 0 0
0 0 0 0 0
0 0 0 0 0
0 0 0 0 0
0 0 0 0 0
0 0 0 0 0
0 0 0 0 0
0 0 0 0 0
0 0 0 0 0
0 0 0 0 0
0 0 0 0 0
0 0 0 0 0
0 0 0 0 0
0 0 0 0 0
0 0 0 0 0
0 0 0 0 0
0 0 0 0 0
0 0 0 0 0
0 0 0 0 0
0 0 0 0 0
0 0 0 0 0
0 0 0 0 0
0 0 0 0 0
0 0 0 0 0
0 0 0 0 0
0 0 0 0 0
0 0 0 0 0
0 0 0 0 1
0 0 0 0 1
0 0 0 0 1
0 0 0 0 1
0 0 0 0 1
0 0 0 0 1
0 0 0 0 1
0 0 0 0 1
0 0 0 0 1
0 0 0 0 1
0 0 0 0 1
0 0 0 0 1
0 0 0 0 1
0 0 0 0 1
0 0 0 0 1
0 0 0 0 1
0 0 0 0 1
0 0 0 0 1
0 0 0 0 1
0 0 0 0 1
0 0 0 0 1
0 0 0 0 1
0 0 0 0 1
0 0 0 0 1
0 0 0 0 1
0 0 0 0 1
0 0 0 0 1
0 0 0 0 1
0 0 0 0 1
0 0 0 0 1
0 0 0 0 1
0 0 0 0 1
0 1 0 0 0
0 1 0 0 0
0 1 0 0 0
0 1 0 0 0
0 1 0 0 0
0 1 0 0 0
0 1 0 0 0
0 1 0 0 0
0 1 0 0 0
0 1 0 0 0
0 1 0 0 0
0 1 0 0 0
0 1 0 0 0
0 1 0 0 0
0 1 0 0 0
0 1 0 0 0
0 1 0 0 0
0 1 0 0 0
0 1 0 0 0
0 1 0 0 0
0 1 0 0 0
0 1 0 0 0
0 1 0 0 0
0 1 0 0 0
0 1 0 0 0
0 1 0 0 0
0 1 0 0 0
0 1 0 0 0
0 1 0 0 0
0 1 0 0 0
0 1 0 0 0
0 1 0 0 0
0 1 0 0 0
0 1 0 0 0
0 1 0 0 0
0 1 0 0 0
0 1 0 0 0
0 1 0 0 0
0 1 0 0 0
0 1 0 0 0
0 1 0 0 0
0 1 0 0 0
0 1 0 0 0
0 1 0 0 0
0 1 0 0 0
0 1 0 0 0
0 1 0 0 0
0 1 0 0 0
0 1 0 0 0
0 1 0 0 0
0 1 0 0 0
0 1 0 0 0
0 1 0 0 0
0 1 0 0 0
0 1 0 0 0
0 1 0 0 0
0 1 0 0 0
0 1 0 0 0
0 1 0 0 0
0 1 0 0 0
0 1 0 0 0
0 1 0 0 0
0 1 0 0 0
0 1 0 0 0
0 1 0 0 0
0 1 0 0 0
0 1 0 0 0
0 1 0 0 0
0 1 0 0 0
0 1 0 0 0
0 1 0 0 0
0 1 0 0 0
0 1 0 0 0
0 1 0 0 0
0 1 0 0 0
0 1 0 0 0
0 1 0 0 0
0 1 0 0 0
0 1 0 0 0
0 1 0 0 0
0 1 0 0 0
0 1 0 0 0
0 1 0 0 0
0 1 0 0 0
0 1 0 0 0
0 1 0 0 0
0 1 0 0 0
0 1 0 0 0
0 1 0 0 0
0 1 0 0 0
0 1 0 0 0
0 1 0 0 0
0 1 0 0 0
0 1 0 0 0
0 1 0 0 0
0 1 0 0 0
0 1 0 0 0
0 1 0 0 0
0 1 0 0 0
0 1 0 0 0
0 1 0 0 0
0 1 0 0 0
0 1 0 0 0
0 1 0 0 0
0 1 0 0 0
0 1 0 0 0
0 1 0 0 0
0 1 0 0 0
0 1 0 0 0
0 1 0 0 0
0 1 0 0 0
0 1 0 0 0
0 1 0 0 0
0 1 0 0 0
0 1 0 0 0
0 1 0 0 0
0 1 0 0 0
0 1 0 0 0
0 1 0 0 0
0 1 0 0 0
0 1 0 0 0
0 1 0 0 0
0 1 0 0 0
0 1 0 0 0
0 1 0 0 0
0 0 1 0 0
0 0 0 0 0
0 0 0 0 0
0 0 0 0 0
0 0 0 0 0
0 0 0 1 0
0 0 0 1 0
0 0 0 1 0
0 0 0 1 0
0 0 0 1 0
0 0 0 0 0
0 0 0 0 0
0 0 0 0 0
0 0 0 0 0
0 0 0 0 0
0 0 0 0 0
0 0 0 0 0
0 0 0 0 0
0 0 0 0 0
0 0 0 0 0
0 0 0 0 0
0 0 0 0 0
0 0 0 0 0
0 0 0 0 0
0 0 0 0 0
0 0 0 0 0
0 0 0 0 0
0 0 0 0 0
0 0 0 0 0
0 0 0 0 0
0 0 0 0 0
0 0 0 0 0
0 0 0 0 0
0 0 0 0 0
0 0 0 0 0
0 0 0 0 0
0 0 0 0 0
0 0 0 0 0
0 0 0 0 0
0 0 0 0 0
0 0 0 0 1
0 0 0 0 1
0 0 0 0 1
0 0 0 0 1
0 0 0 0 1
0 0 0 0 1
0 0 0 0 1
0 0 0 0 1
0 0 0 0 1
0 0 0 0 1
0 0 0 0 1
0 0 0 0 1
0 0 0 0 1
0 0 0 0 1
0 0 0 0 1
0 0 0 0 1
0 0 0 0 1
0 0 0 0 1
0 0 0 0 1
0 0 0 0 1
0 0 0 0 1
0 0 0 0 1
0 0 0 0 1
0 0 0 0 1
0 0 0 0 1
0 0 0 0 1
0 0 0 0 1
0 0 0 0 1
0 0 0 0 1
0 0 0 0 1
0 0 0 0 1
0 0 0 0 1
0 1 0 0 0
0 1 0 0 0
0 1 0 0 0
0 1 0 0 0
0 1 0 0 0
0 1 0 0 0
0 1 0 0 0
0 1 0 0 0
0 1 0 0 0
0 1 0 0 0
0 1 0 0 0
0 1 0 0 0
0 1 0 0 0
0 1 0 0 0
0 1 0 0 0
0 1 0 0 0
0 1 0 0 0
0 1 0 0 0
0 1 0 0 0
0 1 0 0 0
0 1 0 0 0
0 1 0 0 0
0 1 0 0 0
0 1 0 0 0
0 1 0 0 0
0 1 0 0 0
0 1 0 0 0
0 1 0 0 0
0 1 0 0 0
0 1 0 0 0
0 1 0 0 0
0 1 0 0 0
0 1 0 0 0
0 1 0 0 0
0 1 0 0 0
0 1 0 0 0
0 1 0 0 0
0 1 0 0 0
0 1 0 0 0
0 1 0 0 0
0 1 0 0 0
0 1 0 0 0
0 1 0 0 0
0 1 0 0 0
0 1 0 0 0
0 1 0 0 0
0 1 0 0 0
0 1 0 0 0
0 1 0 0 0
0 1 0 0 0
0 1 0 0 0
0 1 0 0 0
0 1 0 0 0
0 1 0 0 0
0 1 0 0 0
0 1 0 0 0
0 1 0 0 0
0 1 0 0 0
0 1 0 0 0
0 1 0 0 0
0 1 0 0 0
0 1 0 0 0
0 1 0 0 0
0 1 0 0 0
0 1 0 0 0
0 1 0 0 0
0 1 0 0 0
0 1 0 0 0
0 1 0 0 0
0 1 0 0 0
0 1 0 0 0
0 1 0 0 0
0 1 0 0 0
0 1 0 0 0
0 1 0 0 0
0 1 0 0 0
0 1 0 0 0
0 1 0 0 0
0 1 0 0 0
0 1 0 0 0
0 1 0 0 0
0 1 0 0 0
0 1 0 0 0
0 1 0 0 0
0 1 0 0 0
0 1 0 0 0
0 1 0 0 0
0 1 0 0 0
0 1 0 0 0
0 1 0 0 0
0 1 0 0 0
0 1 0 0 0
0 1 0 0 0
0 1 0 0 0
0 1 0 0 0
0 1 0 0 0
0 1 0 0 0
0 1 0 0 0
0 1 0 0 0
0 1 0 0 0
0 1 0 0 0
0 1 0 0 0
0 1 0 0 0
0 1 0 0 0
0 1 0 0 0
0 1 0 0 0
0 1 0 0 0
0 1 0 0 0
0 1 0 0 0
0 1 0 0 0
0 1 0 0 0
0 1 0 0 0
0 1 0 0 0
0 1 0 0 0
0 1 0 0 0
0 1 0 0 0
0 1 0 0 0
0 1 0 0 0
0 1 0 0 0
0 1 0 0 0
0 1 0 0 0
0 1 0 0 0
0 1 0 0 0
0 1 0 0 0
0 1 0 0 0
0 0 1 0 0
0 0 0 0 0
0 0 0 0 0
0 0 0 1 0
0 0 0 1 0
0 0 0 1 0
0 0 0 1 0
0 0 0 1 0
0 0 0 0 0
0 0 0 0 0
0 0 0 0 0
0 0 0 0 0
0 0 0 0 0
0 0 0 0 0
0 0 0 0 0
0 0 0 0 0
0 0 0 0 0
0 0 0 0 0
0 0 0 0 0
0 0 0 0 0
0 0 0 0 0
0 0 0 0 0
0 0 0 0 0
0 0 0 0 0
0 0 0 0 0
0 0 0 0 0
0 0 0 0 0
0 0 0 0 0
0 0 0 0 0
0 0 0 0 0
0 0 0 0 0
0 0 0 0 0
0 0 0 0 0
0 0 0 0 0
0 0 0 0 0
0 0 0 0 0
0 0 0 0 0
0 0 0 0 0
0 0 0 0 1
0 0 0 0 1
0 0 0 0 1
0 0 0 0 1
0 0 0 0 1
0 0 0 0 1
0 0 0 0 1
0 0 0 0 1
0 0 0 0 1
0 0 0 0 1
0 0 0 0 1
0 0 0 0 1
0 0 0 0 1
0 0 0 0 1
0 0 0 0 1
0 0 0 0 1
0 0 0 0 1
0 0 0 0 1
0 0 0 0 1
0 0 0 0 1
0 0 0 0 1
0 0 0 0 1
0 0 0 0 1
0 0 0 0 1
0 0 0 0 1
0 0 0 0 1
0 0 0 0 1
0 0 0 0 1
0 0 0 0 1
0 0 0 0 1
0 0 0 0 1
0 0 0 0 1
0 1 0 0 0
0 1 0 0 0
0 1 0 0 0
0 1 0 0 0
0 1 0 0 0
0 1 0 0 0
0 1 0 0 0
0 1 0 0 0
0 1 0 0 0
0 1 0 0 0
0 1 0 0 0
0 1 0 0 0
0 1 0 0 0
0 1 0 0 0
0 1 0 0 0
0 1 0 0 0
0 1 0 0 0
0 1 0 0 0
0 1 0 0 0
0 1 0 0 0
0 1 0 0 0
0 1 0 0 0
0 1 0 0 0
0 1 0 0 0
0 1 0 0 0
0 1 0 0 0
0 1 0 0 0
0 1 0 0 0
0 1 0 0 0
0 1 0 0 0
0 1 0 0 0
0 1 0 0 0
0 1 0 0 0
0 1 0 0 0
0 1 0 0 0
0 1 0 0 0
0 1 0 0 0
0 1 0 0 0
0 1 0 0 0
0 1 0 0 0
0 1 0 0 0
0 1 0 0 0
0 1 0 0 0
0 1 0 0 0
0 1 0 0 0
0 1 0 0 0
0 1 0 0 0
0 1 0 0 0
0 1 0 0 0
0 1 0 0 0
0 1 0 0 0
0 1 0 0 0
0 1 0 0 0
0 1 0 0 0
0 1 0 0 0
0 1 0 0 0
0 1 0 0 0
0 1 0 0 0
0 1 0 0 0
0 1 0 0 0
0 1 0 0 0
0 1 0 0 0
0 1 0 0 0
0 1 0 0 0
0 1 0 0 0
0 1 0 0 0
0 1 0 0 0
0 1 0 0 0
0 1 0 0 0
0 1 0 0 0
0 1 0 0 0
0 1 0 0 0
0 1 0 0 0
0 1 0 0 0
0 1 0 0 0
0 1 0 0 0
0 1 0 0 0
0 1 0 0 0
0 1 0 0 0
0 1 0 0 0
0 1 0 0 0
0 1 0 0 0
0 1 0 0 0
0 1 0 0 0
0 1 0 0 0
0 1 0 0 0
0 1 0 0 0
0 1 0 0 0
0 1 0 0 0
0 1 0 0 0
0 1 0 0 0
0 1 0 0 0
0 1 0 0 0
0 1 0 0 0
0 1 0 0 0
0 1 0 0 0
0 1 0 0 0
0 1 0 0 0
0 1 0 0 0
0 1 0 0 0
0 1 0 0 0
0 1 0 0 0
0 1 0 0 0
0 1 0 0 0
0 1 0 0 0
0 1 0 0 0
0 1 0 0 0
0 1 0 0 0
0 1 0 0 0
0 1 0 0 0
0 1 0 0 0
0 1 0 0 0
0 1 0 0 0
0 1 0 0 0
0 1 0 0 0
0 1 0 0 0
0 1 0 0 0
0 1 0 0 0
0 1 0 0 0
0 1 0 0 0
0 1 0 0 0
0 1 0 0 0
0 1 0 0 0
0 1 0 0 0
0 1 0 0 0
0 0 1 0 0
0 0 0 0 0
0 0 0 0 0
0 0 0 0 0
0 0 0 0 0
0 0 0 1 0
0 0 0 1 0
0 0 0 1 0
0 0 0 1 0
0 0 0 0 0
0 0 0 0 0
0 0 0 0 0
0 0 0 0 0
0 0 0 0 0
0 0 0 0 0
0 0 0 0 0
0 0 0 0 0
0 0 0 0 0
0 0 0 0 0
0 0 0 0 0
0 0 0 0 0
0 0 0 0 0
0 0 0 0 0
0 0 0 0 0
0 0 0 0 0
0 0 0 0 0
0 0 0 0 0
0 0 0 0 0
0 0 0 0 0
0 0 0 0 0
0 0 0 0 0
0 0 0 0 0
0 0 0 0 0
0 0 0 0 0
0 0 0 0 0
0 0 0 0 0
0 0 0 0 0
0 0 0 0 0
0 0 0 0 0
0 0 0 0 1
0 0 0 0 1
0 0 0 0 1
0 0 0 0 1
0 0 0 0 1
0 0 0 0 1
0 0 0 0 1
0 0 0 0 1
0 0 0 0 1
0 0 0 0 1
0 0 0 0 1
0 0 0 0 1
0 0 0 0 1
0 0 0 0 1
0 0 0 0 1
0 0 0 0 1
0 0 0 0 1
0 0 0 0 1
0 0 0 0 1
0 0 0 0 1
0 0 0 0 1
0 0 0 0 1
0 0 0 0 1
0 0 0 0 1
0 0 0 0 1
0 0 0 0 1
0 0 0 0 1
0 0 0 0 1
0 0 0 0 1
0 0 0 0 1
0 0 0 0 1
0 0 0 0 1
9.41612164024264 1 0 0 0
9.54255100805312 1 0 0 0
9.31455625686795 1 0 0 0
9.84503352083266 1 0 0 0
9.57219954580069 1 0 0 0
10.3112006327137 1 0 0 0
10.1978880120441 1 0 0 0
10.7573266141117 1 0 0 0
9.78158845100552 1 0 0 0
9.06051881611347 1 0 0 0
7.95988505706191 1 0 0 0
7.35122477635741 1 0 0 0
6.87686435412616 1 0 0 0
7.11139501072466 1 0 0 0
7.50224583316594 1 0 0 0
9.88741591572762 1 0 0 0
12.2355198254809 1 0 0 0
13.9852005522698 1 0 0 0
11.9719031499699 1 0 0 0
10.9957909444347 1 0 0 0
9.01341461576521 1 0 0 0
7.76370579842478 1 0 0 0
5.90476603247225 1 0 0 0
5.34310360671952 1 0 0 0
4.43438795628026 1 0 0 0
3.87086346745491 1 0 0 0
3.28604446258396 1 0 0 0
2.99761898349971 1 0 0 0
2.08863656735048 1 0 0 0
1.81319678085856 1 0 0 0
1.27880618674681 1 0 0 0
1.1009658628609 1 0 0 0
0.816489700810052 1 0 0 0
0.681265046296176 1 0 0 0
0.646436332317535 1 0 0 0
0.63576203683624 1 0 0 0
0.638012068520766 1 0 0 0
0.608941953032627 1 0 0 0
0.841166169266216 1 0 0 0
0.809208242571913 1 0 0 0
1.0200848482782 1 0 0 0
0.903048319742084 1 0 0 0
0.983800549875014 1 0 0 0
0.825168943265453 1 0 0 0
0.935767355258577 1 0 0 0
0.806253883638419 1 0 0 0
0.974432492512278 1 0 0 0
0.933201430598274 1 0 0 0
1.20481420890428 1 0 0 0
1.11469959665556 1 0 0 0
1.33628217736259 1 0 0 0
1.31562133901753 1 0 0 0
1.40240562905092 1 0 0 0
1.53751828474924 1 0 0 0
1.4346664538607 1 0 0 0
1.70131200866308 1 0 0 0
1.5292338503059 1 0 0 0
1.81960509507917 1 0 0 0
1.59300371888094 1 0 0 0
1.90403693704866 1 0 0 0
1.66726246243343 1 0 0 0
1.75612323801033 1 0 0 0
1.78642486571334 1 0 0 0
1.83471527998336 1 0 0 0
1.86481123091653 1 0 0 0
1.65444347658195 1 0 0 0
1.64710512035526 1 0 0 0
1.51150095916819 1 0 0 0
1.5274535107892 1 0 0 0
1.39191147172824 1 0 0 0
1.17662781849504 1 0 0 0
1.08758002170362 1 0 0 0
1.15553845535032 1 0 0 0
1.04898716381285 1 0 0 0
1.14568867138587 1 0 0 0
1.19659354095347 1 0 0 0
1.28422533452976 1 0 0 0
1.26290298067033 1 0 0 0
1.39983341796324 1 0 0 0
1.33640259446111 1 0 0 0
1.23940943740308 1 0 0 0
1.22841243864968 1 0 0 0
1.19334654300474 1 0 0 0
1.13789454917423 1 0 0 0
1.17578935169149 1 0 0 0
1.34816174977459 1 0 0 0
1.29506178200245 1 0 0 0
1.52733715367503 1 0 0 0
1.65615617879666 1 0 0 0
1.9749975472223 1 0 0 0
2.0704337512143 1 0 0 0
2.18068700633012 1 0 0 0
2.18073406722397 1 0 0 0
2.34406586969271 1 0 0 0
2.365088701481 1 0 0 0
2.40263278828934 1 0 0 0
2.26454777293839 1 0 0 0
2.49355347477831 1 0 0 0
2.28394733858295 1 0 0 0
2.35402976977639 1 0 0 0
2.2286152234301 1 0 0 0
2.08305654814467 1 0 0 0
1.81482089101337 1 0 0 0
1.93655275506899 1 0 0 0
1.78044181666337 1 0 0 0
1.4761953643756 1 0 0 0
1.237589167431 1 0 0 0
1.03058489912655 1 0 0 0
0.791778722486924 1 0 0 0
0.704117206623778 1 0 0 0
0.629944202955812 1 0 0 0
0.507554232171969 1 0 0 0
0.558216775971232 1 0 0 0
0.535876475623809 1 0 0 0
0.526693096617237 1 0 0 0
0.557435814698692 1 0 0 0
0.496961776661919 1 0 0 0
0.55120210890891 1 0 0 0
0.637052398815285 1 0 0 0
0.622513747657649 1 0 0 0
0.628139001491945 1 0 0 0
0.800272959168069 1 0 0 0
0.870581054186914 1 0 0 0
0.882277461641934 1 0 0 0
0.810144367278554 1 0 0 0
0.850450705911499 0 1 0 0
0.847732117108535 0 0 0 0
0.67899415444117 0 0 0 0
0.607764901360497 0 0 0 0
0.563115343538811 0 0 1 0
0.421809123508865 0 0 1 0
0.312606800434878 0 0 1 0
0.357211896698573 0 0 1 0
0.299719439681212 0 0 0 0
0.399434706196189 0 0 0 0
0.352140895074626 0 0 0 0
0.444915896878229 0 0 0 0
0.399667258875525 0 0 0 0
0.542305788258091 0 0 0 0
0.592557938944083 0 0 0 0
0.585323527047876 0 0 0 0
0.629993799520889 0 0 0 0
0.764313881518319 0 0 0 0
0.830506833153777 0 0 0 0
0.80979174526874 0 0 0 0
0.928916924749501 0 0 0 0
0.927203247556463 0 0 0 0
0.901250110473484 0 0 0 0
0.881681015016511 0 0 0 0
0.758662092266604 0 0 0 0
0.725179139408283 0 0 0 0
0.609899216215126 0 0 0 0
0.559615858946927 0 0 0 0
0.402354358811863 0 0 0 0
0.420418466092087 0 0 0 0
0.246045599851641 0 0 0 0
0.2205840780789 0 0 0 0
0.238197810176644 0 0 0 0
0.23814798987587 0 0 0 0
0.11043493032048 0 0 0 0
0.157640273393156 0 0 0 0
0.291030492007849 0 0 0 0
0.324109336361289 0 0 0 0
0.311875805437012 0 0 0 1
0.365061598131433 0 0 0 1
0.419387361034751 0 0 0 1
0.470619095722213 0 0 0 1
0.400058313971385 0 0 0 1
0.435400004789699 0 0 0 1
0.37589273051708 0 0 0 1
0.370370547898347 0 0 0 1
0.288543941678654 0 0 0 1
0.219228209971334 0 0 0 1
0.211033506275271 0 0 0 1
0.163527437507582 0 0 0 1
0.149988009070512 0 0 0 1
0 0 0 0 1
0.0134529072965961 0 0 0 1
0 0 0 0 1
0.000881077539816033 0 0 0 1
0 0 0 0 1
0 0 0 0 1
0 0 0 0 1
0 0 0 0 1
0 0 0 0 1
0 0 0 0 1
0 0 0 0 1
0 0 0 0 1
0 0 0 0 1
0 0 0 0 1
0 0 0 0 1
0 0 0 0 1
0 0 0 0 1
0 0 0 0 1
0 0 0 0 1
3.83068446535617 1 0 0 0
4.35828388435766 1 0 0 0
4.95763769140467 1 0 0 0
5.71454520104453 1 0 0 0
6.46951887756586 1 0 0 0
6.94792647846043 1 0 0 0
5.93437685165554 1 0 0 0
5.79468917567283 1 0 0 0
5.29162853490561 1 0 0 0
5.15305652515963 1 0 0 0
4.86837432254106 1 0 0 0
4.78129950352013 1 0 0 0
4.83690184773877 1 0 0 0
4.73948946455494 1 0 0 0
4.41083637997508 1 0 0 0
4.20080398907885 1 0 0 0
3.65238398080692 1 0 0 0
3.21485733729787 1 0 0 0
2.44940209086053 1 0 0 0
2.35066580353305 1 0 0 0
1.94734716205858 1 0 0 0
1.72264126013033 1 0 0 0
1.65562995243818 1 0 0 0
1.88347554649226 1 0 0 0
2.00441954075359 1 0 0 0
2.62447449495085 1 0 0 0
2.57995471474715 1 0 0 0
2.77186278253794 1 0 0 0
2.31262383749709 1 0 0 0
2.01977894175798 1 0 0 0
1.61196061526425 1 0 0 0
1.36148238379974 1 0 0 0
1.14458170719445 1 0 0 0
0.755042834498454 1 0 0 0
0.667841290123761 1 0 0 0
0.520345463883132 1 0 0 0
0.491710190544836 1 0 0 0
0.459719167338335 1 0 0 0
0.552687564777443 1 0 0 0
0.532801750523504 1 0 0 0
0.559316576982383 1 0 0 0
0.5293984504533 1 0 0 0
0.547189461940434 1 0 0 0
0.457097306934884 1 0 0 0
0.528871176356915 1 0 0 0
0.454787164926529 1 0 0 0
0.497632143378723 1 0 0 0
0.712780893081799 1 0 0 0
0.652782611723524 1 0 0 0
0.897591089596972 1 0 0 0
0.623210740741342 1 0 0 0
0.938139579375274 1 0 0 0
0.674751699989429 1 0 0 0
0.809095305157825 1 0 0 0
0.564637040952221 1 0 0 0
0.636384334939066 1 0 0 0
0.591820698900847 1 0 0 0
0.48671783588361 1 0 0 0
0.589931103604613 1 0 0 0
0.660251120280009 1 0 0 0
0.725921185221523 1 0 0 0
0.836178020108491 1 0 0 0
0.873237804626115 1 0 0 0
0.94846187857911 1 0 0 0
0.808236385637429 1 0 0 0
0.781532842665911 1 0 0 0
0.669652967189904 1 0 0 0
0.585283312830143 1 0 0 0
0.502785386743199 1 0 0 0
0.347110066286405 1 0 0 0
0.409460676110029 1 0 0 0
0.324596599966753 1 0 0 0
0.323945152217675 1 0 0 0
0.280034937986784 1 0 0 0
0.270370766429551 1 0 0 0
0.289639701122724 1 0 0 0
0.347212413544185 1 0 0 0
0.281629713754228 1 0 0 0
0.208142490734531 1 0 0 0
0.296448502922431 1 0 0 0
0.249847630584554 1 0 0 0
0.220170946704457 1 0 0 0
0.181761892235954 1 0 0 0
0.111079636553768 1 0 0 0
0.107798819954041 1 0 0 0
0.059822714092661 1 0 0 0
0.0913902676984435 1 0 0 0
0.0383170308850822 1 0 0 0
0.00244881994149182 1 0 0 0
0 1 0 0 0
0 1 0 0 0
0 1 0 0 0
0 1 0 0 0
0.0042679257603595 1 0 0 0
0.0634636271570344 1 0 0 0
0.102158822755882 1 0 0 0
0.127382810205745 1 0 0 0
0.145771028428499 1 0 0 0
0.222082435357152 1 0 0 0
0.218762551980944 1 0 0 0
0.191437545254303 1 0 0 0
0.291456090053543 1 0 0 0
0.270155998805421 1 0 0 0
0.312933931127191 1 0 0 0
0.24030502208916 1 0 0 0
0.197267254407052 1 0 0 0
0.176634592889968 1 0 0 0
0.163991752742731 1 0 0 0
0.117187576506694 1 0 0 0
0.0473692111881974 1 0 0 0
0.0547225577918198 1 0 0 0
0 1 0 0 0
0 1 0 0 0
0 1 0 0 0
0 1 0 0 0
0 1 0 0 0
0 1 0 0 0
0 1 0 0 0
0 1 0 0 0
0 1 0 0 0
0.0385669525257981 1 0 0 0
0 1 0 0 0
0.0454488235845929 1 0 0 0
0.0711900634087215 1 0 0 0
0.0710310437170847 1 0 0 0
0.135747015519883 0 1 0 0
0.112975529191317 0 0 0 0
0.106565330497688 0 0 0 0
0.0433003049238323 0 0 0 0
0.0774126017404342 0 0 0 0
0.00928295753510611 0 0 1 0
0 0 0 1 0
0 0 0 1 0
0 0 0 0 0
0 0 0 0 0
0 0 0 0 0
0 0 0 0 0
0 0 0 0 0
0 0 0 0 0
0 0 0 0 0
0 0 0 0 0
0 0 0 0 0
0 0 0 0 0
0 0 0 0 0
0 0 0 0 0
0 0 0 0 0
0 0 0 0 0
0 0 0 0 0
0 0 0 0 0
0 0 0 0 0
0 0 0 0 0
0 0 0 0 0
0 0 0 0 0
0 0 0 0 0
0 0 0 0 0
0 0 0 0 0
0 0 0 0 0
0 0 0 0 0
0 0 0 0 0
0 0 0 0 0
0 0 0 0 0
0 0 0 0 0
0 0 0 0 0
0 0 0 0 1
0 0 0 0 1
0 0 0 0 1
0 0 0 0 1
0 0 0 0 1
0 0 0 0 1
0 0 0 0 1
0.01991880208152 0 0 0 1
0 0 0 0 1
0 0 0 0 1
0 0 0 0 1
0 0 0 0 1
0 0 0 0 1
0 0 0 0 1
0 0 0 0 1
0 0 0 0 1
0 0 0 0 1
0 0 0 0 1
0 0 0 0 1
0 0 0 0 1
0 0 0 0 1
0 0 0 0 1
0 0 0 0 1
0 0 0 0 1
0 0 0 0 1
0 0 0 0 1
0 0 0 0 1
0 0 0 0 1
0 0 0 0 1
0 0 0 0 1
0 0 0 0 1
0 0 0 0 1
0 1 0 0 0
0 1 0 0 0
0 1 0 0 0
0 1 0 0 0
0 1 0 0 0
0 1 0 0 0
0 1 0 0 0
0 1 0 0 0
0 1 0 0 0
0 1 0 0 0
0 1 0 0 0
0 1 0 0 0
0 1 0 0 0
0 1 0 0 0
0 1 0 0 0
0 1 0 0 0
0 1 0 0 0
0 1 0 0 0
0 1 0 0 0
0 1 0 0 0
0 1 0 0 0
0 1 0 0 0
0 1 0 0 0
0 1 0 0 0
0 1 0 0 0
0 1 0 0 0
0 1 0 0 0
0 1 0 0 0
0 1 0 0 0
0 1 0 0 0
0 1 0 0 0
0 1 0 0 0
0 1 0 0 0
0 1 0 0 0
0 1 0 0 0
0 1 0 0 0
0 1 0 0 0
0 1 0 0 0
0 1 0 0 0
0 1 0 0 0
0 1 0 0 0
0 1 0 0 0
0 1 0 0 0
0 1 0 0 0
0 1 0 0 0
0 1 0 0 0
0 1 0 0 0
0 1 0 0 0
0 1 0 0 0
0 1 0 0 0
0 1 0 0 0
0 1 0 0 0
0.0103797765405034 1 0 0 0
0 1 0 0 0
0 1 0 0 0
0 1 0 0 0
0 1 0 0 0
0 1 0 0 0
0 1 0 0 0
0 1 0 0 0
0 1 0 0 0
0 1 0 0 0
0 1 0 0 0
0 1 0 0 0
0 1 0 0 0
0 1 0 0 0
0 1 0 0 0
0 1 0 0 0
0 1 0 0 0
0.0424660292992485 1 0 0 0
0 1 0 0 0
0 1 0 0 0
0 1 0 0 0
0.00209757399716182 1 0 0 0
0 1 0 0 0
0 1 0 0 0
0.0423483543272596 1 0 0 0
0 1 0 0 0
0.0646430989945657 1 0 0 0
0.0420588992824378 1 0 0 0
0.0421109130002151 1 0 0 0
0.00525852783539449 1 0 0 0
0.0265014355136373 1 0 0 0
0.0325776650242915 1 0 0 0
0 1 0 0 0
0 1 0 0 0
0 1 0 0 0
0 1 0 0 0
0 1 0 0 0
0 1 0 0 0
0 1 0 0 0
0 1 0 0 0
0 1 0 0 0
0 1 0 0 0
0 1 0 0 0
0 1 0 0 0
0 1 0 0 0
0 1 0 0 0
0 1 0 0 0
0 1 0 0 0
0 1 0 0 0
0 1 0 0 0
0 1 0 0 0
0 1 0 0 0
0 1 0 0 0
0 1 0 0 0
0 1 0 0 0
0 1 0 0 0
0 1 0 0 0
0 1 0 0 0
0 1 0 0 0
0 1 0 0 0
0 1 0 0 0
0 1 0 0 0
0 1 0 0 0
0 1 0 0 0
0 1 0 0 0
0 1 0 0 0
0 1 0 0 0
0 1 0 0 0
0 1 0 0 0
0 1 0 0 0
0 1 0 0 0
0 1 0 0 0
0 1 0 0 0
0 0 1 0 0
0 0 0 0 0
0 0 0 0 0
0 0 0 0 0
0 0 0 0 0
0 0 0 0 0
0 0 0 1 0
0 0 0 1 0
0 0 0 1 0
0 0 0 1 0
0 0 0 0 0
0 0 0 0 0
0 0 0 0 0
0 0 0 0 0
0 0 0 0 0
0 0 0 0 0
0 0 0 0 0
0 0 0 0 0
0 0 0 0 0
0 0 0 0 0
0 0 0 0 0
0 0 0 0 0
0 0 0 0 0
0 0 0 0 0
0 0 0 0 0
0 0 0 0 0
0 0 0 0 0
0 0 0 0 0
0 0 0 0 0
0 0 0 0 0
0 0 0 0 0
0 0 0 0 0
0 0 0 0 0
0 0 0 0 0
0 0 0 0 0
0 0 0 0 0
0.0069058024791957 0 0 0 0
0 0 0 0 0
0.104484659914306 0 0 0 0
0.082103673094025 0 0 0 0
0.0855907323966676 0 0 0 1
0.137669222567638 0 0 0 1
0.183022340934258 0 0 0 1
0.153283591089348 0 0 0 1
0.209060360475632 0 0 0 1
0.185031680302927 0 0 0 1
0.191247135035155 0 0 0 1
0.129793023369018 0 0 0 1
0.110694812292422 0 0 0 1
0.0261928853433346 0 0 0 1
0 0 0 0 1
0 0 0 0 1
0 0 0 0 1
0 0 0 0 1
0 0 0 0 1
0 0 0 0 1
0 0 0 0 1
0 0 0 0 1
0 0 0 0 1
0 0 0 0 1
0 0 0 0 1
0 0 0 0 1
0 0 0 0 1
0 0 0 0 1
0 0 0 0 1
0 0 0 0 1
0 0 0 0 1
0 0 0 0 1
0 0 0 0 1
0 0 0 0 1
0 0 0 0 1
0 0 0 0 1
0 1 0 0 0
0 1 0 0 0
0 1 0 0 0
0 1 0 0 0
0 1 0 0 0
0 1 0 0 0
0 1 0 0 0
0 1 0 0 0
0 1 0 0 0
0 1 0 0 0
0 1 0 0 0
0 1 0 0 0
0 1 0 0 0
0 1 0 0 0
0 1 0 0 0
0 1 0 0 0
0 1 0 0 0
0 1 0 0 0
0 1 0 0 0
0 1 0 0 0
0 1 0 0 0
0 1 0 0 0
0 1 0 0 0
0 1 0 0 0
0 1 0 0 0
0 1 0 0 0
0 1 0 0 0
0 1 0 0 0
0 1 0 0 0
0 1 0 0 0
0 1 0 0 0
0 1 0 0 0
0 1 0 0 0
0 1 0 0 0
0 1 0 0 0
0 1 0 0 0
0 1 0 0 0
0 1 0 0 0
0 1 0 0 0
0 1 0 0 0
0 1 0 0 0
0 1 0 0 0
0 1 0 0 0
0 1 0 0 0
0 1 0 0 0
0 1 0 0 0
0 1 0 0 0
0 1 0 0 0
0 1 0 0 0
0 1 0 0 0
0 1 0 0 0
0 1 0 0 0
0 1 0 0 0
0 1 0 0 0
0 1 0 0 0
0 1 0 0 0
0 1 0 0 0
0 1 0 0 0
0 1 0 0 0
0 1 0 0 0
0 1 0 0 0
0 1 0 0 0
0 1 0 0 0
0 1 0 0 0
0 1 0 0 0
0 1 0 0 0
0 1 0 0 0
0 1 0 0 0
0 1 0 0 0
0 1 0 0 0
0 1 0 0 0
0 1 0 0 0
0 1 0 0 0
0 1 0 0 0
0 1 0 0 0
0.0368517351034825 1 0 0 0
0 1 0 0 0
0.00434107914770721 1 0 0 0
0 1 0 0 0
0.166731327965408 1 0 0 0
0.133417922370427 1 0 0 0
0.228416107347584 1 0 0 0
0.151554957852795 1 0 0 0
0 1 0 0 0
0.0290665782358701 1 0 0 0
0 1 0 0 0
0 1 0 0 0
0 1 0 0 0
0 1 0 0 0
0 1 0 0 0
0 1 0 0 0
0 1 0 0 0
0 1 0 0 0
0 1 0 0 0
0 1 0 0 0
0 1 0 0 0
0 1 0 0 0
0 1 0 0 0
0 1 0 0 0
0 1 0 0 0
0 1 0 0 0
0 1 0 0 0
0 1 0 0 0
0 1 0 0 0
0 1 0 0 0
0 1 0 0 0
0 1 0 0 0
0 1 0 0 0
0 1 0 0 0
0 1 0 0 0
0 1 0 0 0
0 1 0 0 0
0 1 0 0 0
0 1 0 0 0
0 1 0 0 0
0 1 0 0 0
0 1 0 0 0
0 1 0 0 0
0 1 0 0 0
0 1 0 0 0
0 1 0 0 0
0 1 0 0 0
0 1 0 0 0
0 1 0 0 0
0 1 0 0 0
0 0 1 0 0
0 0 0 0 0
0 0 0 0 0
0 0 0 0 0
0 0 0 0 0
0 0 0 0 0
0 0 0 1 0
0 0 0 1 0
0 0 0 1 0
0 0 0 0 0
0 0 0 0 0
0 0 0 0 0
0 0 0 0 0
0 0 0 0 0
0 0 0 0 0
0 0 0 0 0
0 0 0 0 0
0 0 0 0 0
0 0 0 0 0
0 0 0 0 0
0 0 0 0 0
0 0 0 0 0
0 0 0 0 0
0 0 0 0 0
0 0 0 0 0
0 0 0 0 0
0 0 0 0 0
0 0 0 0 0
0 0 0 0 0
0 0 0 0 0
0 0 0 0 0
0 0 0 0 0
0 0 0 0 0
0 0 0 0 0
0 0 0 0 0
0 0 0 0 0
0 0 0 0 0
0 0 0 0 0
0 0 0 0 0
0 0 0 0 1
0 0 0 0 1
0 0 0 0 1
0 0 0 0 1
0 0 0 0 1
0 0 0 0 1
0 0 0 0 1
0 0 0 0 1
0 0 0 0 1
0 0 0 0 1
0 0 0 0 1
0 0 0 0 1
0 0 0 0 1
0 0 0 0 1
0 0 0 0 1
0 0 0 0 1
0 0 0 0 1
0 0 0 0 1
0 0 0 0 1
0 0 0 0 1
0 0 0 0 1
0 0 0 0 1
0 0 0 0 1
0 0 0 0 1
0 0 0 0 1
0 0 0 0 1
0 0 0 0 1
0 0 0 0 1
0 0 0 0 1
0 0 0 0 1
0 0 0 0 1
0 0 0 0 1
0 1 0 0 0
0 1 0 0 0
0 1 0 0 0
0 1 0 0 0
0 1 0 0 0
0 1 0 0 0
0 1 0 0 0
0.0388607377317385 1 0 0 0
0 1 0 0 0
0 1 0 0 0
0 1 0 0 0
0 1 0 0 0
0 1 0 0 0
0 1 0 0 0
0 1 0 0 0
0 1 0 0 0
0 1 0 0 0
0 1 0 0 0
0 1 0 0 0
0 1 0 0 0
0.137767899104801 1 0 0 0
0.196576445887331 1 0 0 0
0 1 0 0 0
0.106550614873413 1 0 0 0
0.149133062222973 1 0 0 0
0.363639090210199 1 0 0 0
0.0673006259148679 1 0 0 0
0.00554914731765166 1 0 0 0
0 1 0 0 0
0.0707921089997399 1 0 0 0
0 1 0 0 0
0 1 0 0 0
0 1 0 0 0
0 1 0 0 0
0 1 0 0 0
0 1 0 0 0
0 1 0 0 0
0 1 0 0 0
0 1 0 0 0
0 1 0 0 0
0 1 0 0 0
0 1 0 0 0
0 1 0 0 0
0 1 0 0 0
0 1 0 0 0
0 1 0 0 0
0 1 0 0 0
0 1 0 0 0
0 1 0 0 0
0 1 0 0 0
0 1 0 0 0
0 1 0 0 0
0 1 0 0 0
0 1 0 0 0
0 1 0 0 0
0 1 0 0 0
0 1 0 0 0
0 1 0 0 0
0 1 0 0 0
0 1 0 0 0
0 1 0 0 0
0 1 0 0 0
0 1 0 0 0
0 1 0 0 0
0 1 0 0 0
0 1 0 0 0
0 1 0 0 0
0 1 0 0 0
0 1 0 0 0
0 1 0 0 0
0 1 0 0 0
0 1 0 0 0
0 1 0 0 0
0 1 0 0 0
0 1 0 0 0
0 1 0 0 0
0 1 0 0 0
0 1 0 0 0
0 1 0 0 0
0 1 0 0 0
0 1 0 0 0
0.0461094550701091 1 0 0 0
0.0096291323643527 1 0 0 0
0.0233674886658264 1 0 0 0
0.103238037809206 1 0 0 0
0.100184143960291 1 0 0 0
0.283084300463088 1 0 0 0
0.366685724657145 1 0 0 0
0.479211856145412 1 0 0 0
0.499992493132595 1 0 0 0
0.525420669873711 1 0 0 0
0.538239972229348 1 0 0 0
0.73385833093198 1 0 0 0
1.22084016038571 1 0 0 0
1.2492328096414 1 0 0 0
1.26887037185952 1 0 0 0
2.1204013901297 1 0 0 0
2.58248846512288 1 0 0 0
2.24580042413436 1 0 0 0
2.58747911721002 1 0 0 0
2.71546930889599 1 0 0 0
2.09568266291171 1 0 0 0
1.25778457368142 1 0 0 0
1.66036096925382 1 0 0 0
0.479232685393072 1 0 0 0
2.15083025977947 1 0 0 0
3.09562491020188 1 0 0 0
7.05226423451677 1 0 0 0
10.2245811140165 1 0 0 0
16.0475540906191 1 0 0 0
19.987303763628 1 0 0 0
20.6508841365576 1 0 0 0
18.876263871789 1 0 0 0
17.4463358707726 1 0 0 0
15.9355560317636 1 0 0 0
16.1868936847895 1 0 0 0
15.7663759309798 1 0 0 0
15.6886926852167 1 0 0 0
15.0315980426967 1 0 0 0
14.6964944433421 1 0 0 0
13.6868443805724 1 0 0 0
11.8030698504299 1 0 0 0
8.55621660593897 1 0 0 0
6.27179816365242 1 0 0 0
4.51209838502109 1 0 0 0
3.04830120876431 0 1 0 0
1.87730189645663 0 0 0 0
1.51892367284745 0 0 0 0
1.3606270076707 0 0 0 0
1.29082435159944 0 0 0 0
1.14793993998319 0 0 1 0
1.15372656728141 0 0 1 0
1.25675214803778 0 0 1 0
1.29348898190074 0 0 0 0
1.5899044519756 0 0 0 0
1.42921973019838 0 0 0 0
1.36539887171239 0 0 0 0
1.38114341825712 0 0 0 0
1.20316972606815 0 0 0 0
0.995560345472768 0 0 0 0
0.871417825692333 0 0 0 0
0.830938384751789 0 0 0 0
0.683387595927343 0 0 0 0
0.678324577165768 0 0 0 0
0.729863051674329 0 0 0 0
0.671397458063439 0 0 0 0
0.876967256772332 0 0 0 0
0.927791086724028 0 0 0 0
1.16638600593433 0 0 0 0
1.08617523801513 0 0 0 0
0.989807100268081 0 0 0 0
0.970639724982902 0 0 0 0
1.09463171975221 0 0 0 0
0.920557235076558 0 0 0 0
0.806067502708174 0 0 0 0
0.794581486843526 0 0 0 0
0.66575705568539 0 0 0 0
0.613589465501718 0 0 0 0
0.48794429312693 0 0 0 0
0.486698889289983 0 0 0 0
0.393896038076491 0 0 0 0
0.327086678680644 0 0 0 0
0.321918681947864 0 0 0 0
0.310969409838435 0 0 0 1
0.325986087773344 0 0 0 1
0.505817304656375 0 0 0 1
0.401856146709179 0 0 0 1
0.516530308232177 0 0 0 1
0.455573803606057 0 0 0 1
0.526219140738249 0 0 0 1
0.34188498466392 0 0 0 1
0.433473895100178 0 0 0 1
0.31722006315249 0 0 0 1
0.249223183345748 0 0 0 1
0.24961158487713 0 0 0 1
0.214782870898489 0 0 0 1
0.197525370367657 0 0 0 1
0.158447776271942 0 0 0 1
0.0602772470301716 0 0 0 1
0.0801030050752161 0 0 0 1
0.166162941695802 0 0 0 1
0.130933801870015 0 0 0 1
0.1320244323324 0 0 0 1
0.183361116796732 0 0 0 1
0.289179195533507 0 0 0 1
0.272698976914398 0 0 0 1
0.445074441813631 0 0 0 1
0.511959100549575 0 0 0 1
0.826170187792741 0 0 0 1
0.91408054868225 0 0 0 1
1.15629451465793 0 0 0 1
1.20761642756406 0 0 0 1
1.31383298139554 0 0 0 1
1.45844940561801 0 0 0 1
1.79125770227984 0 0 0 1
0 1 0 0 0
0 1 0 0 0
0 1 0 0 0
0 1 0 0 0
0 1 0 0 0
0 1 0 0 0
0 1 0 0 0
0 1 0 0 0
0 1 0 0 0
0 1 0 0 0
0 1 0 0 0
0 1 0 0 0
0 1 0 0 0
0 1 0 0 0
0 1 0 0 0
0 1 0 0 0
0 1 0 0 0
0 1 0 0 0
0 1 0 0 0
0 1 0 0 0
0 1 0 0 0
0 1 0 0 0
0 1 0 0 0
0 1 0 0 0
0 1 0 0 0
0 1 0 0 0
0 1 0 0 0
0 1 0 0 0
0 1 0 0 0
0 1 0 0 0
0 1 0 0 0
0 1 0 0 0
0 1 0 0 0
0 1 0 0 0
0 1 0 0 0
0 1 0 0 0
0 1 0 0 0
0 1 0 0 0
0 1 0 0 0
0 1 0 0 0
0 1 0 0 0
0 1 0 0 0
0 1 0 0 0
0 1 0 0 0
0 1 0 0 0
0 1 0 0 0
0 1 0 0 0
0 1 0 0 0
0 1 0 0 0
0 1 0 0 0
0 1 0 0 0
0 1 0 0 0
0 1 0 0 0
0 1 0 0 0
0 1 0 0 0
0 1 0 0 0
0 1 0 0 0
0 1 0 0 0
0 1 0 0 0
0 1 0 0 0
0 1 0 0 0
0 1 0 0 0
0 1 0 0 0
0 1 0 0 0
0 1 0 0 0
0 1 0 0 0
0 1 0 0 0
0 1 0 0 0
0 1 0 0 0
0 1 0 0 0
0 1 0 0 0
0 1 0 0 0
0 1 0 0 0
0 1 0 0 0
0 1 0 0 0
0 1 0 0 0
0 1 0 0 0
0 1 0 0 0
0 1 0 0 0
0 1 0 0 0
0 1 0 0 0
0.0390068648812303 1 0 0 0
0.170142338902224 1 0 0 0
0.036318043044048 1 0 0 0
0.000458446834272763 1 0 0 0
0 1 0 0 0
0 1 0 0 0
0 1 0 0 0
0 1 0 0 0
0 1 0 0 0
0 1 0 0 0
0 1 0 0 0
0 1 0 0 0
0 1 0 0 0
0 1 0 0 0
0 1 0 0 0
0 1 0 0 0
0 1 0 0 0
0 1 0 0 0
0 1 0 0 0
0 1 0 0 0
0 1 0 0 0
0 1 0 0 0
0 1 0 0 0
0 1 0 0 0
0 1 0 0 0
0 1 0 0 0
0 1 0 0 0
0 1 0 0 0
0 1 0 0 0
0 1 0 0 0
0 1 0 0 0
0 1 0 0 0
0 1 0 0 0
0 1 0 0 0
0 1 0 0 0
0 1 0 0 0
0 1 0 0 0
0 1 0 0 0
0 1 0 0 0
0 1 0 0 0
0 1 0 0 0
0 1 0 0 0
0 1 0 0 0
0 1 0 0 0
0 0 1 0 0
0 0 0 0 0
0 0 0 0 0
0 0 0 0 0
0 0 0 1 0
0 0 0 1 0
0 0 0 1 0
0 0 0 1 0
0 0 0 0 0
0 0 0 0 0
0 0 0 0 0
0 0 0 0 0
0 0 0 0 0
0 0 0 0 0
0 0 0 0 0
0 0 0 0 0
0 0 0 0 0
0 0 0 0 0
0 0 0 0 0
0 0 0 0 0
0 0 0 0 0
0 0 0 0 0
0 0 0 0 0
0 0 0 0 0
0 0 0 0 0
0 0 0 0 0
0 0 0 0 0
0 0 0 0 0
0 0 0 0 0
0 0 0 0 0
0 0 0 0 0
0 0 0 0 0
0 0 0 0 0
0 0 0 0 0
0 0 0 0 0
0 0 0 0 0
0 0 0 0 0
0 0 0 0 0
0 0 0 0 1
0 0 0 0 1
0 0 0 0 1
0 0 0 0 1
0 0 0 0 1
0 0 0 0 1
0 0 0 0 1
0 0 0 0 1
0 0 0 0 1
0 0 0 0 1
0 0 0 0 1
0 0 0 0 1
0 0 0 0 1
0 0 0 0 1
0 0 0 0 1
0 0 0 0 1
0 0 0 0 1
0 0 0 0 1
0 0 0 0 1
0 0 0 0 1
0 0 0 0 1
0 0 0 0 1
0 0 0 0 1
0 0 0 0 1
0 0 0 0 1
0 0 0 0 1
0 0 0 0 1
0 0 0 0 1
0 0 0 0 1
0 0 0 0 1
0 0 0 0 1
0 0 0 0 1
1.1089636827819 1 0 0 0
1.39504349499475 1 0 0 0
1.16391384108283 1 0 0 0
2.82251575845294 1 0 0 0
5.88092359248549 1 0 0 0
10.5078420601785 1 0 0 0
14.6965116728097 1 0 0 0
19.2314255982637 1 0 0 0
23.121106904 1 0 0 0
25.4699103534222 1 0 0 0
23.7927143462002 1 0 0 0
20.7124147564173 1 0 0 0
14.9766569957137 1 0 0 0
10.2527318522334 1 0 0 0
7.51814059913158 1 0 0 0
4.9857321428135 1 0 0 0
3.57365189120173 1 0 0 0
2.38406585413031 1 0 0 0
1.11591447785031 1 0 0 0
0.819209046312608 1 0 0 0
0.550827520783059 1 0 0 0
0.481065585290708 1 0 0 0
0.30698063892487 1 0 0 0
0.301819947253534 1 0 0 0
0.179262317033135 1 0 0 0
0.0861779344631941 1 0 0 0
0.148331003401836 1 0 0 0
0.167461670571356 1 0 0 0
0.30828984836262 1 0 0 0
0.300534353300463 1 0 0 0
0.506788328493712 1 0 0 0
0.470798133846984 1 0 0 0
0.586529124120716 1 0 0 0
0.612368850852363 1 0 0 0
0.585637055337429 1 0 0 0
0.52911547027179 1 0 0 0
0.440430594608188 1 0 0 0
0.562711935344851 1 0 0 0
0.328853397149942 1 0 0 0
0.382682217605179 1 0 0 0
0.38752243926865 1 0 0 0
0.395215858588926 1 0 0 0
0.357309545506723 1 0 0 0
0.396610848838463 1 0 0 0
0.331400751747424 1 0 0 0
0.278697203611955 1 0 0 0
0.172026410837134 1 0 0 0
0.183907148311846 1 0 0 0
0.0927880873859976 1 0 0 0
0.101944291600375 1 0 0 0
0.134634551159252 1 0 0 0
0.103263835626421 1 0 0 0
0.0919981874289988 1 0 0 0
0.161261624498366 1 0 0 0
0.296993872325402 1 0 0 0
0.3628685590229 1 0 0 0
0.420912310801214 1 0 0 0
0.408555992180482 1 0 0 0
0.475864762847777 1 0 0 0
0.517185457283631 1 0 0 0
0.381810164981289 1 0 0 0
0.294353299977956 1 0 0 0
0.304350774968043 1 0 0 0
0.290267682430567 1 0 0 0
0.127917482132034 1 0 0 0
0.166248996492868 1 0 0 0
0.155190329678589 1 0 0 0
0.214380257602897 1 0 0 0
0.186847379154642 1 0 0 0
0.281522330624284 1 0 0 0
0.294642382414168 1 0 0 0
0.31667920484324 1 0 0 0
0.281201159850752 1 0 0 0
0.138344895276532 1 0 0 0
0.196598423826799 1 0 0 0
0.0920773491088767 1 0 0 0
0.136599035954532 1 0 0 0
0.0442901168753451 1 0 0 0
0.101027686469024 1 0 0 0
0.102214653452393 1 0 0 0
0.103383090390707 1 0 0 0
0.131985546204305 1 0 0 0
0.24320501506736 1 0 0 0
0.16601761160473 1 0 0 0
0.316409621973435 1 0 0 0
0.233462120377226 1 0 0 0
0.411382457969012 1 0 0 0
0.337566998496186 1 0 0 0
0.538177839189302 1 0 0 0
0.324802888826525 1 0 0 0
0.789441942288249 1 0 0 0
0.642954459181055 1 0 0 0
0.896747391379904 1 0 0 0
0.842021292100981 1 0 0 0
0.980831930064596 1 0 0 0
0.933657636778662 1 0 0 0
0.835223956528353 1 0 0 0
0.984702557616401 1 0 0 0
0.303195269225398 1 0 0 0
0.213918618101161 1 0 0 0
0 1 0 0 0
0 1 0 0 0
0 1 0 0 0
0 1 0 0 0
0 1 0 0 0
0 1 0 0 0
0 1 0 0 0
0 1 0 0 0
0 1 0 0 0
0 1 0 0 0
0 1 0 0 0
0 1 0 0 0
0 1 0 0 0
0 1 0 0 0
0 1 0 0 0
0 1 0 0 0
0 1 0 0 0
0 1 0 0 0
0.033916995562322 1 0 0 0
0 1 0 0 0
0 1 0 0 0
0 1 0 0 0
0 1 0 0 0
0 1 0 0 0
0 1 0 0 0
0 0 1 0 0
0 0 0 0 0
0 0 0 0 0
0 0 0 0 0
0 0 0 1 0
0 0 0 1 0
0 0 0 1 0
0 0 0 1 0
0 0 0 1 0
0 0 0 0 0
0 0 0 0 0
0 0 0 0 0
0 0 0 0 0
0 0 0 0 0
0 0 0 0 0
0 0 0 0 0
0 0 0 0 0
0 0 0 0 0
0 0 0 0 0
0 0 0 0 0
0 0 0 0 0
0 0 0 0 0
0 0 0 0 0
0 0 0 0 0
0 0 0 0 0
0 0 0 0 0
0 0 0 0 0
0 0 0 0 0
0 0 0 0 0
0 0 0 0 0
0 0 0 0 0
0 0 0 0 0
0 0 0 0 0
0 0 0 0 0
0 0 0 0 0
0 0 0 0 0
0 0 0 0 0
0 0 0 0 0
0 0 0 0 0
0 0 0 0 1
0 0 0 0 1
0 0 0 0 1
0 0 0 0 1
0 0 0 0 1
0 0 0 0 1
0 0 0 0 1
0 0 0 0 1
0 0 0 0 1
0 0 0 0 1
0 0 0 0 1
0 0 0 0 1
0 0 0 0 1
0 0 0 0 1
0 0 0 0 1
0 0 0 0 1
0 0 0 0 1
0 0 0 0 1
0 0 0 0 1
0 0 0 0 1
0 0 0 0 1
0 0 0 0 1
0 0 0 0 1
0 0 0 0 1
0 0 0 0 1
0 0 0 0 1
0 0 0 0 1
0 0 0 0 1
0 0 0 0 1
0 0 0 0 1
0 0 0 0 1
0 0 0 0 1
0.484359636175213 1 0 0 0
0.517899032274727 1 0 0 0
0.505387593875639 1 0 0 0
0.457030964753358 1 0 0 0
0.438794122601394 1 0 0 0
0.390373774280306 1 0 0 0
0.224961764615728 1 0 0 0
0.169552629813552 1 0 0 0
0.180286265276663 1 0 0 0
0.140948176067468 1 0 0 0
0.16004340704967 1 0 0 0
0.091734574198199 1 0 0 0
0.192872946172429 1 0 0 0
0.0455591343779815 1 0 0 0
0.069360342422442 1 0 0 0
0.0167088555826922 1 0 0 0
0.031377419418277 1 0 0 0
0 1 0 0 0
0.042419600958965 1 0 0 0
0.0201061811822001 1 0 0 0
0.0634852317489276 1 0 0 0
0.148181240547274 1 0 0 0
0.129950747577823 1 0 0 0
0.167787910687167 1 0 0 0
0.19223890444664 1 0 0 0
0.276425476840814 1 0 0 0
0.219363397263805 1 0 0 0
0.241287053540873 1 0 0 0
0.17242957437702 1 0 0 0
0.1482707912146 1 0 0 0
0.00187452246791509 1 0 0 0
0.037507063098019 1 0 0 0
0 1 0 0 0
0 1 0 0 0
0 1 0 0 0
0 1 0 0 0
0 1 0 0 0
0 1 0 0 0
0 1 0 0 0
0 1 0 0 0
0 1 0 0 0
0 1 0 0 0
0 1 0 0 0
0 1 0 0 0
0 1 0 0 0
0 1 0 0 0
0 1 0 0 0
0 1 0 0 0
0.00942759061217657 1 0 0 0
0 1 0 0 0
0 1 0 0 0
0 1 0 0 0
0.00714794623490889 1 0 0 0
0 1 0 0 0
0 1 0 0 0
0 1 0 0 0
0 1 0 0 0
0 1 0 0 0
0 1 0 0 0
0 1 0 0 0
0 1 0 0 0
0 1 0 0 0
0 1 0 0 0
0 1 0 0 0
0 1 0 0 0
0 1 0 0 0
0 1 0 0 0
0 1 0 0 0
0 1 0 0 0
0 1 0 0 0
0 1 0 0 0
0 1 0 0 0
0 1 0 0 0
0 1 0 0 0
0 1 0 0 0
0 1 0 0 0
0 1 0 0 0
0 1 0 0 0
0 1 0 0 0
0 1 0 0 0
0 1 0 0 0
0 1 0 0 0
0 1 0 0 0
0 1 0 0 0
0 1 0 0 0
0 1 0 0 0
0 1 0 0 0
0 1 0 0 0
0 1 0 0 0
0 1 0 0 0
0 1 0 0 0
0 1 0 0 0
0 1 0 0 0
0 1 0 0 0
0 1 0 0 0
0 1 0 0 0
0 1 0 0 0
0 1 0 0 0
0 1 0 0 0
0 1 0 0 0
0 1 0 0 0
0 1 0 0 0
0 1 0 0 0
0 1 0 0 0
0 1 0 0 0
0 1 0 0 0
0 1 0 0 0
0 1 0 0 0
0 1 0 0 0
0 1 0 0 0
0 1 0 0 0
0 1 0 0 0
0 1 0 0 0
0 1 0 0 0
0 1 0 0 0
0 1 0 0 0
0 1 0 0 0
0 1 0 0 0
0 1 0 0 0
0 1 0 0 0
0 1 0 0 0
0 1 0 0 0
0 1 0 0 0
0 1 0 0 0
0 1 0 0 0
0 0 1 0 0
0 0 0 0 0
0 0 0 0 0
0 0 0 0 0
0 0 0 1 0
0 0 0 1 0
0 0 0 1 0
0 0 0 1 0
0 0 0 1 0
0 0 0 0 0
0 0 0 0 0
0 0 0 0 0
0 0 0 0 0
0 0 0 0 0
0 0 0 0 0
0 0 0 0 0
0 0 0 0 0
0 0 0 0 0
0 0 0 0 0
0 0 0 0 0
0 0 0 0 0
0 0 0 0 0
0 0 0 0 0
0 0 0 0 0
0 0 0 0 0
0 0 0 0 0
0 0 0 0 0
0 0 0 0 0
0 0 0 0 0
0 0 0 0 0
0 0 0 0 0
0 0 0 0 0
0 0 0 0 0
0 0 0 0 0
0 0 0 0 0
0 0 0 0 0
0 0 0 0 0
0 0 0 0 0
0 0 0 0 0
0 0 0 0 1
0 0 0 0 1
0 0 0 0 1
0 0 0 0 1
0 0 0 0 1
0 0 0 0 1
0 0 0 0 1
0 0 0 0 1
0 0 0 0 1
0 0 0 0 1
0 0 0 0 1
0 0 0 0 1
0 0 0 0 1
0 0 0 0 1
0 0 0 0 1
0 0 0 0 1
0 0 0 0 1
0 0 0 0 1
0 0 0 0 1
0 0 0 0 1
0 0 0 0 1
0 0 0 0 1
0 0 0 0 1
0 0 0 0 1
0 0 0 0 1
0 0 0 0 1
0 0 0 0 1
0 0 0 0 1
0 0 0 0 1
0 0 0 0 1
0 0 0 0 1
0 0 0 0 1
0 1 0 0 0
0 1 0 0 0
0 1 0 0 0
0 1 0 0 0
0 1 0 0 0
0 1 0 0 0
0 1 0 0 0
0 1 0 0 0
0 1 0 0 0
0 1 0 0 0
0 1 0 0 0
0 1 0 0 0
0 1 0 0 0
0 1 0 0 0
0 1 0 0 0
0 1 0 0 0
0 1 0 0 0
0 1 0 0 0
0 1 0 0 0
0 1 0 0 0
0 1 0 0 0
0 1 0 0 0
0 1 0 0 0
0 1 0 0 0
0 1 0 0 0
0 1 0 0 0
0 1 0 0 0
0 1 0 0 0
0 1 0 0 0
0 1 0 0 0
0 1 0 0 0
0 1 0 0 0
0 1 0 0 0
0 1 0 0 0
0 1 0 0 0
0 1 0 0 0
0 1 0 0 0
0 1 0 0 0
0 1 0 0 0
0 1 0 0 0
0 1 0 0 0
0 1 0 0 0
0 1 0 0 0
0 1 0 0 0
0 1 0 0 0
0 1 0 0 0
0 1 0 0 0
0 1 0 0 0
0 1 0 0 0
0 1 0 0 0
0 1 0 0 0
0 1 0 0 0
0 1 0 0 0
0 1 0 0 0
0 1 0 0 0
0 1 0 0 0
0 1 0 0 0
0 1 0 0 0
0 1 0 0 0
0 1 0 0 0
0 1 0 0 0
0 1 0 0 0
0 1 0 0 0
0 1 0 0 0
0 1 0 0 0
0 1 0 0 0
0 1 0 0 0
0 1 0 0 0
0 1 0 0 0
0 1 0 0 0
0 1 0 0 0
0 1 0 0 0
0 1 0 0 0
0 1 0 0 0
0 1 0 0 0
0 1 0 0 0
0 1 0 0 0
0 1 0 0 0
0 1 0 0 0
0 1 0 0 0
0 1 0 0 0
0 1 0 0 0
0 1 0 0 0
0 1 0 0 0
0 1 0 0 0
0 1 0 0 0
0 1 0 0 0
0 1 0 0 0
0 1 0 0 0
0 1 0 0 0
0 1 0 0 0
0 1 0 0 0
0 1 0 0 0
0 1 0 0 0
0 1 0 0 0
0 1 0 0 0
0 1 0 0 0
0 1 0 0 0
0 1 0 0 0
0 1 0 0 0
0 1 0 0 0
0 1 0 0 0
0 1 0 0 0
0 1 0 0 0
0 1 0 0 0
0 1 0 0 0
0 1 0 0 0
0 1 0 0 0
0 1 0 0 0
0.0762911035963043 1 0 0 0
0.00968827043834608 1 0 0 0
0.019990418877569 1 0 0 0
0 1 0 0 0
0 1 0 0 0
0 1 0 0 0
0 1 0 0 0
0 1 0 0 0
0 1 0 0 0
0 1 0 0 0
0 1 0 0 0
0 1 0 0 0
0 1 0 0 0
0 1 0 0 0
0 1 0 0 0
0 1 0 0 0
0 0 1 0 0
0 0 0 0 0
0 0 0 0 0
0 0 0 0 0
0 0 0 0 0
0 0 0 0 0
0 0 0 1 0
0 0 0 1 0
0 0 0 1 0
0 0 0 1 0
0 0 0 1 0
0 0 0 1 0
0 0 0 0 0
0 0 0 0 0
0 0 0 0 0
0 0 0 0 0
0 0 0 0 0
0 0 0 0 0
0 0 0 0 0
0 0 0 0 0
0 0 0 0 0
0 0 0 0 0
0 0 0 0 0
0 0 0 0 0
0 0 0 0 0
0 0 0 0 0
0 0 0 0 0
0 0 0 0 0
0 0 0 0 0
0 0 0 0 0
0 0 0 0 0
0 0 0 0 0
0 0 0 0 0
0 0 0 0 0
0 0 0 0 0
0 0 0 0 0
0 0 0 0 0
0 0 0 0 0
0 0 0 0 0
0 0 0 0 0
0 0 0 0 0
0 0 0 0 0
0 0 0 0 1
0 0 0 0 1
0 0 0 0 1
0 0 0 0 1
0 0 0 0 1
0 0 0 0 1
0 0 0 0 1
0 0 0 0 1
0 0 0 0 1
0 0 0 0 1
0 0 0 0 1
0 0 0 0 1
0 0 0 0 1
0 0 0 0 1
0 0 0 0 1
0 0 0 0 1
0 0 0 0 1
0 0 0 0 1
0 0 0 0 1
0 0 0 0 1
0 0 0 0 1
0 0 0 0 1
0 0 0 0 1
0 0 0 0 1
0 0 0 0 1
0 0 0 0 1
0 0 0 0 1
0 0 0 0 1
0 0 0 0 1
0 0 0 0 1
0 0 0 0 1
0 0 0 0 1
