spikerate ITI cue push reward
0 1 0 0 0
0 1 0 0 0
0 1 0 0 0
0 1 0 0 0
0 1 0 0 0
0 1 0 0 0
0 1 0 0 0
0 1 0 0 0
0 1 0 0 0
0 1 0 0 0
0 1 0 0 0
0 1 0 0 0
0 1 0 0 0
0 1 0 0 0
0 1 0 0 0
0 1 0 0 0
0 1 0 0 0
0 1 0 0 0
0 1 0 0 0
0 1 0 0 0
0 1 0 0 0
0 1 0 0 0
0 1 0 0 0
0 1 0 0 0
0 1 0 0 0
0 1 0 0 0
0 1 0 0 0
0 1 0 0 0
0 1 0 0 0
0 1 0 0 0
0.252675306001038 1 0 0 0
0.0248829855991062 1 0 0 0
0.0425026228185743 1 0 0 0
0.0835694418128696 1 0 0 0
0.16974993286567 1 0 0 0
0.0152826733028633 1 0 0 0
0.126322920550592 1 0 0 0
0.121742526971502 1 0 0 0
0.292672059686083 1 0 0 0
0.0108402255136753 1 0 0 0
0.106529426375346 1 0 0 0
0 1 0 0 0
0 1 0 0 0
0 1 0 0 0
0 1 0 0 0
0 1 0 0 0
0 1 0 0 0
0 1 0 0 0
0 1 0 0 0
0 1 0 0 0
0 1 0 0 0
0 1 0 0 0
0 1 0 0 0
0 1 0 0 0
0 1 0 0 0
0 1 0 0 0
0 1 0 0 0
0 1 0 0 0
0 1 0 0 0
0 1 0 0 0
0 1 0 0 0
0 1 0 0 0
0 1 0 0 0
0 1 0 0 0
0 1 0 0 0
0 1 0 0 0
0 1 0 0 0
0 1 0 0 0
0 1 0 0 0
0 1 0 0 0
0 1 0 0 0
0 1 0 0 0
0 1 0 0 0
0 1 0 0 0
0 1 0 0 0
0 1 0 0 0
0 1 0 0 0
0 1 0 0 0
0 1 0 0 0
0 1 0 0 0
0 1 0 0 0
0 1 0 0 0
0 1 0 0 0
0 1 0 0 0
0.0890719256858574 1 0 0 0
0 1 0 0 0
0.0619492029727553 1 0 0 0
0.0740282230253797 1 0 0 0
0 1 0 0 0
0 1 0 0 0
0 1 0 0 0
0 1 0 0 0
0 1 0 0 0
0 1 0 0 0
0 1 0 0 0
0 1 0 0 0
0 1 0 0 0
0 1 0 0 0
0 1 0 0 0
0 1 0 0 0
0 1 0 0 0
0.0918263085623039 1 0 0 0
0 1 0 0 0
0.0506705609950586 1 0 0 0
0.0250896446232218 1 0 0 0
0.101951187389204 1 0 0 0
0 1 0 0 0
0.024783194930933 1 0 0 0
0.00420273136114702 1 0 0 0
0.034704524296103 1 0 0 0
0.043019234226449 1 0 0 0
0.0951362794694433 1 0 0 0
0.08078389714683 1 0 0 0
0.0650633601253503 1 0 0 0
0 1 0 0 0
0 1 0 0 0
0 1 0 0 0
0 1 0 0 0
0 1 0 0 0
0 1 0 0 0
0 1 0 0 0
0 1 0 0 0
0 1 0 0 0
0.0106734678411158 1 0 0 0
0.199550390789227 1 0 0 0
0.350561596860643 0 1 0 0
0.476914501632564 0 0 0 0
0.532571742951404 0 0 0 0
0.64060293516377 0 0 0 0
0.495621701702476 0 0 0 0
0.414267839005333 0 0 1 0
0.228598939429503 0 0 1 0
0.353095325408503 0 0 1 0
0.480528673506342 0 0 0 0
0.496482585731428 0 0 0 0
0.327105309679609 0 0 0 0
0.643817021227733 0 0 0 0
0.615862802078482 0 0 0 0
0.865415393491276 0 0 0 0
1.63340923609212 0 0 0 0
1.11608349834569 0 0 0 0
0.775024891481735 0 0 0 0
0.54084798466647 0 0 0 0
0.562263652682304 0 0 0 0
0.295886185085692 0 0 0 0
0.222540605136601 0 0 0 0
0.118089185889403 0 0 0 0
0.075098452725797 0 0 0 0
0.00382219377570436 0 0 0 0
0.0699978327247663 0 0 0 0
0.0264600366790546 0 0 0 0
0 0 0 0 0
0.0403019139412208 0 0 0 0
0.0497627097502118 0 0 0 0
0.0150146920532279 0 0 0 0
0.0158236820197999 0 0 0 0
0.00513172653882066 0 0 0 0
0 0 0 0 0
0 0 0 0 0
0 0 0 0 0
0 0 0 0 0
0 0 0 0 0
0 0 0 0 0
0 0 0 0 1
0 0 0 0 1
0 0 0 0 1
0 0 0 0 1
0 0 0 0 1
0 0 0 0 1
0 0 0 0 1
0 0 0 0 1
0 0 0 0 1
0 0 0 0 1
0 0 0 0 1
0 0 0 0 1
0 0 0 0 1
0 0 0 0 1
0 0 0 0 1
0 0 0 0 1
0 0 0 0 1
0 0 0 0 1
0 0 0 0 1
0 0 0 0 1
0 0 0 0 1
0 0 0 0 1
0 0 0 0 1
0 0 0 0 1
0 0 0 0 1
0 0 0 0 1
0 0 0 0 1
0 0 0 0 1
0 0 0 0 1
0 0 0 0 1
0 0 0 0 1
0 0 0 0 1
0 1 0 0 0
0 1 0 0 0
0 1 0 0 0
0 1 0 0 0
0 1 0 0 0
0 1 0 0 0
0 1 0 0 0
0 1 0 0 0
0 1 0 0 0
0 1 0 0 0
0 1 0 0 0
0 1 0 0 0
0 1 0 0 0
0 1 0 0 0
0 1 0 0 0
0 1 0 0 0
0 1 0 0 0
0 1 0 0 0
0 1 0 0 0
0 1 0 0 0
0 1 0 0 0
0 1 0 0 0
0 1 0 0 0
0 1 0 0 0
0 1 0 0 0
0 1 0 0 0
0 1 0 0 0
0 1 0 0 0
0 1 0 0 0
0 1 0 0 0
0 1 0 0 0
0 1 0 0 0
0 1 0 0 0
0 1 0 0 0
0 1 0 0 0
0 1 0 0 0
0 1 0 0 0
0 1 0 0 0
0 1 0 0 0
0 1 0 0 0
0 1 0 0 0
0 1 0 0 0
0 1 0 0 0
0 1 0 0 0
0 1 0 0 0
0 1 0 0 0
0 1 0 0 0
0 1 0 0 0
0 1 0 0 0
0 1 0 0 0
0 1 0 0 0
0 1 0 0 0
0 1 0 0 0
0 1 0 0 0
0 1 0 0 0
0 1 0 0 0
0 1 0 0 0
0 1 0 0 0
0 1 0 0 0
0 1 0 0 0
0 1 0 0 0
0 1 0 0 0
0 1 0 0 0
0 1 0 0 0
0 1 0 0 0
0 1 0 0 0
0 1 0 0 0
0 1 0 0 0
0 1 0 0 0
0 1 0 0 0
0 1 0 0 0
0 1 0 0 0
0 1 0 0 0
0 1 0 0 0
0 1 0 0 0
0 1 0 0 0
0 1 0 0 0
0 1 0 0 0
0 1 0 0 0
0 1 0 0 0
0 1 0 0 0
0 1 0 0 0
0 1 0 0 0
0 1 0 0 0
0 1 0 0 0
0 1 0 0 0
0 1 0 0 0
0 1 0 0 0
0 1 0 0 0
0 1 0 0 0
0 1 0 0 0
0 1 0 0 0
0 1 0 0 0
0 1 0 0 0
0 1 0 0 0
0 1 0 0 0
0 1 0 0 0
0 1 0 0 0
0 1 0 0 0
0 1 0 0 0
0 1 0 0 0
0 1 0 0 0
0 1 0 0 0
0 1 0 0 0
0 1 0 0 0
0 1 0 0 0
0 1 0 0 0
0 1 0 0 0
0 1 0 0 0
0 1 0 0 0
0 1 0 0 0
0 1 0 0 0
0 1 0 0 0
0 1 0 0 0
0 1 0 0 0
0 1 0 0 0
0 1 0 0 0
0 1 0 0 0
0 1 0 0 0
0 1 0 0 0
0 1 0 0 0
0 1 0 0 0
0 1 0 0 0
0 1 0 0 0
0 1 0 0 0
0 0 1 0 0
0 0 0 0 0
0 0 0 0 0
0 0 0 0 0
0 0 0 0 0
0 0 0 0 0
0 0 0 0 0
0 0 0 0 0
0 0 0 0 0
0 0 0 0 0
0 0 0 0 0
0 0 0 0 0
0 0 0 0 0
0 0 0 0 0
0 0 0 0 0
0 0 0 0 0
0 0 0 0 0
0 0 0 0 0
0 0 0 0 0
0 0 0 0 0
0 0 0 0 0
0 0 0 0 0
0 0 0 0 0
0 0 0 0 0
0 0 0 0 0
0 0 0 0 0
0 0 0 0 0
0 0 0 0 0
0 0 0 0 0
0 0 0 0 0
0 0 0 0 0
0 0 0 0 0
0 0 0 0 0
0 0 0 0 0
0 0 0 0 0
0 0 0 0 0
0 0 0 0 0
0 0 0 0 0
0 0 0 0 0
0 0 0 0 0
0 0 0 0 0
0 0 0 0 0
0 0 0 0 0
0 0 0 0 0
0 0 0 0 0
0 0 0 1 0
0 0 0 1 0
0.0895151406439254 0 0 1 0
0 0 0 1 0
0.0191241024367628 0 0 1 0
0 0 0 1 0
0.0825965325930156 0 0 1 0
0 0 0 1 0
0.21755778948318 0 0 1 0
0.0928693025343819 0 0 1 0
0.22644098589808 0 0 1 0
0.170415451066219 0 0 0 0
0.214886717003537 0 0 0 0
0.176611400092952 0 0 0 0
0.236677656175743 0 0 0 0
0.146580535783869 0 0 0 0
0.159149012688431 0 0 0 0
0.142701622195318 0 0 0 0
0.183384958290844 0 0 0 0
0.102034444353194 0 0 0 0
0.220145151615725 0 0 0 0
0.215886445403157 0 0 0 0
0.293818067802931 0 0 0 0
0.269970481895143 0 0 0 0
0.160854071509675 0 0 0 0
0.176022199866566 0 0 0 0
0.193710624444066 0 0 0 0
0.0514811817993177 0 0 0 0
0.0462939551653108 0 0 0 0
0.00527491579305206 0 0 0 0
0 0 0 0 0
0 0 0 0 0
0 0 0 0 0
0 0 0 0 0
0.0118897296488285 0 0 0 0
0.0791659640526632 0 0 0 0
0.213170892493508 0 0 0 0
0.259706308497698 0 0 0 0
0.0530626111867605 0 0 0 0
0.29335677754716 0 0 0 0
0.336043451170553 0 0 0 0
0.718476287147496 0 0 0 1
0.866004326780967 0 0 0 1
1.46386811684351 0 0 0 1
2.18926357047167 0 0 0 1
2.94915153062902 0 0 0 1
3.78484727116302 0 0 0 1
4.38375124940649 0 0 0 1
5.47310913680121 0 0 0 1
5.30797138344496 0 0 0 1
6.3482210971415 0 0 0 1
5.32261375337839 0 0 0 1
4.81732265325263 0 0 0 1
3.74952162383124 0 0 0 1
3.42245568754151 0 0 0 1
2.88444984471425 0 0 0 1
2.75860124384053 0 0 0 1
1.99246710690204 0 0 0 1
1.53347002196824 0 0 0 1
2.29986667545745 0 0 0 1
3.05092943017371 0 0 0 1
5.88717020582408 0 0 0 1
9.03922860743478 0 0 0 1
8.97163688205183 0 0 0 1
7.3861361015588 0 0 0 1
5.5298741790466 0 0 0 1
4.70358040183783 0 0 0 1
3.75108228763565 0 0 0 1
2.86223430885002 0 0 0 1
2.01491656480357 0 0 0 1
1.3779993460048 0 0 0 1
1.10148164094426 0 0 0 1
1.13730443990789 0 0 0 1
0.111477242171532 1 0 0 0
0.197234057850437 1 0 0 0
0 1 0 0 0
0 1 0 0 0
0 1 0 0 0
0 1 0 0 0
0 1 0 0 0
0 1 0 0 0
0 1 0 0 0
0 1 0 0 0
0 1 0 0 0
0 1 0 0 0
0 1 0 0 0
0 1 0 0 0
0 1 0 0 0
0 1 0 0 0
0 1 0 0 0
0 1 0 0 0
0 1 0 0 0
0 1 0 0 0
0 1 0 0 0
0 1 0 0 0
0 1 0 0 0
0 1 0 0 0
0 1 0 0 0
0 1 0 0 0
0 1 0 0 0
0 1 0 0 0
0 1 0 0 0
0 1 0 0 0
0 1 0 0 0
0 1 0 0 0
0 1 0 0 0
0 1 0 0 0
0 1 0 0 0
0 1 0 0 0
0 1 0 0 0
0 1 0 0 0
0 1 0 0 0
0 1 0 0 0
0 1 0 0 0
0 1 0 0 0
0 1 0 0 0
0 1 0 0 0
0 1 0 0 0
0 1 0 0 0
0 1 0 0 0
0 1 0 0 0
0 1 0 0 0
0 1 0 0 0
0 1 0 0 0
0 1 0 0 0
0.0862712940943311 1 0 0 0
0 1 0 0 0
0 1 0 0 0
0 1 0 0 0
0 1 0 0 0
0 1 0 0 0
0 1 0 0 0
0 1 0 0 0
0 1 0 0 0
0 1 0 0 0
0 1 0 0 0
0.102821744803805 1 0 0 0
0.133282269416668 1 0 0 0
0.209595382330008 1 0 0 0
0.311168816551799 1 0 0 0
0.432502681178448 1 0 0 0
0.299531679047504 1 0 0 0
0.262977247075469 1 0 0 0
0.178781597014677 1 0 0 0
0.112545023966959 1 0 0 0
0.119773389087641 1 0 0 0
0.00359481236955617 1 0 0 0
0.0590271356486483 1 0 0 0
0 1 0 0 0
0.100645931524923 1 0 0 0
0.0821413941594074 1 0 0 0
0 1 0 0 0
0 1 0 0 0
0 1 0 0 0
0 1 0 0 0
0 1 0 0 0
0 1 0 0 0
0 1 0 0 0
0 1 0 0 0
0 1 0 0 0
0.281960606344001 1 0 0 0
0.296078436349489 1 0 0 0
0.448314240202308 1 0 0 0
0.365833380783442 1 0 0 0
0.298531118460232 1 0 0 0
0.370729660062352 1 0 0 0
0.157396269059973 1 0 0 0
0.206362225071643 1 0 0 0
0.063742694692337 1 0 0 0
0.0684785600242321 1 0 0 0
0.0807834785518935 1 0 0 0
0.0168444607879792 1 0 0 0
0 1 0 0 0
0 1 0 0 0
0 1 0 0 0
0 1 0 0 0
0 1 0 0 0
0 1 0 0 0
0.0207022760605469 1 0 0 0
0.0620404266555852 1 0 0 0
0 1 0 0 0
0.0622351685706235 1 0 0 0
0.109829192297184 1 0 0 0
0.236891399254091 1 0 0 0
0.311373169097351 1 0 0 0
0.250797575063189 1 0 0 0
0.257116233115084 1 0 0 0
0.301897485769587 1 0 0 0
0.267346852524497 1 0 0 0
0.221272284761653 1 0 0 0
0.16777632299636 1 0 0 0
0.100952852881253 1 0 0 0
0.16930732090259 1 0 0 0
0.0414889309467981 1 0 0 0
0.0498275794598158 1 0 0 0
0 1 0 0 0
0.0915906912268838 1 0 0 0
0 1 0 0 0
0.141832746521686 0 1 0 0
0.319916194712278 0 0 0 0
0.490179148982861 0 0 0 0
0.577367871301249 0 0 0 0
0.611970765021397 0 0 0 0
0.680090663081501 0 0 0 0
1.22665091475938 0 0 0 0
1.3252270873636 0 0 0 0
2.02833006915171 0 0 1 0
1.35230437444989 0 0 1 0
1.32960043265484 0 0 1 0
1.04464028845541 0 0 0 0
1.01774364156881 0 0 0 0
0.860160227603046 0 0 0 0
0.949175679124892 0 0 0 0
0.849740696139634 0 0 0 0
0.828981937956996 0 0 0 0
1.09632395469816 0 0 0 0
0.97467185696587 0 0 0 0
1.21168122859672 0 0 0 0
1.11098862544168 0 0 0 0
1.12016133789439 0 0 0 0
0.657277829304803 0 0 0 0
0.720261821697932 0 0 0 0
0.605673718382604 0 0 0 0
0.333025602230919 0 0 0 0
0.264413749391679 0 0 0 0
0.396039353290689 0 0 0 0
0.45067449536873 0 0 0 0
0.491189404783654 0 0 0 0
0.626396060397383 0 0 0 0
0.578434028284391 0 0 0 0
0.56222371495096 0 0 0 0
0.577747028728481 0 0 0 0
0.681897305184975 0 0 0 0
0.396141915189219 0 0 0 0
0.376248266547918 0 0 0 0
0.419078025061026 0 0 0 0
0.461612179151416 0 0 0 0
0.374869116058107 0 0 0 0
0.469918973976746 0 0 0 0
0.434530647908105 0 0 0 1
0.492563067382434 0 0 0 1
0.443180302681867 0 0 0 1
0.33829924359452 0 0 0 1
0.305619651044253 0 0 0 1
0.30492320729536 0 0 0 1
0.211050592042739 0 0 0 1
0.20109261640755 0 0 0 1
0.0599889499426354 0 0 0 1
0.115212840228196 0 0 0 1
0.101626574178226 0 0 0 1
0.189387191312562 0 0 0 1
0.0402403566113207 0 0 0 1
0.143886965133788 0 0 0 1
0.253508791502099 0 0 0 1
0.312248901195744 0 0 0 1
0.513195664098021 0 0 0 1
0.503480339830276 0 0 0 1
0.754436325223651 0 0 0 1
0.772833023802377 0 0 0 1
1.00236025900813 0 0 0 1
1.10831810889067 0 0 0 1
1.29513867432252 0 0 0 1
1.66049862309592 0 0 0 1
1.94796097639482 0 0 0 1
2.31658693519421 0 0 0 1
2.39823403535411 0 0 0 1
2.42642284138128 0 0 0 1
2.40164980641566 0 0 0 1
2.65843165107071 0 0 0 1
2.78566151973791 0 0 0 1
2.14605545625091 0 0 0 1
0.158451308379881 1 0 0 0
0.0150110117829172 1 0 0 0
0.100622657555505 1 0 0 0
0 1 0 0 0
0 1 0 0 0
0.122420678962953 1 0 0 0
0.204170213692123 1 0 0 0
0.210837139093201 1 0 0 0
0.478221016237512 1 0 0 0
0.506755479705134 1 0 0 0
0.727000882761786 1 0 0 0
1.0390380921308 1 0 0 0
1.04258748251596 1 0 0 0
0.809978562756442 1 0 0 0
0.826351286377758 1 0 0 0
0.794277802924626 1 0 0 0
0.806891945103416 1 0 0 0
1.22775461932179 1 0 0 0
1.47147147799842 1 0 0 0
1.85850719572045 1 0 0 0
2.33697076328099 1 0 0 0
2.47498528915457 1 0 0 0
2.23020708654076 1 0 0 0
2.04434574698098 1 0 0 0
1.68073968961835 1 0 0 0
1.34432135382667 1 0 0 0
1.11084240052151 1 0 0 0
0.936323376663495 1 0 0 0
0.81438729466754 1 0 0 0
0.929349102079868 1 0 0 0
0.884962399140932 1 0 0 0
1.13155555300182 1 0 0 0
1.03647839569021 1 0 0 0
1.36321858735755 1 0 0 0
1.16160533798393 1 0 0 0
1.14243129792158 1 0 0 0
0.504698373333667 1 0 0 0
0.488873042741034 1 0 0 0
0.0438206428725607 1 0 0 0
1.50699111418362 1 0 0 0
3.64592106780037 1 0 0 0
7.20868713688105 1 0 0 0
13.0870107095689 1 0 0 0
17.1113186515868 1 0 0 0
17.9884056560695 1 0 0 0
17.8486667573452 1 0 0 0
16.7897720821202 1 0 0 0
16.0004214849323 1 0 0 0
15.399388037622 1 0 0 0
12.7062171231955 1 0 0 0
10.6217548018321 1 0 0 0
7.82855099532753 1 0 0 0
6.82860275264829 1 0 0 0
5.87860919767991 1 0 0 0
5.16271719243377 1 0 0 0
5.33716432983056 1 0 0 0
5.8061724412255 1 0 0 0
8.28551151789725 1 0 0 0
8.41156754177064 1 0 0 0
9.21603397000581 1 0 0 0
8.27695708721876 1 0 0 0
7.44691700674593 1 0 0 0
6.03069446515292 1 0 0 0
5.25833887513727 1 0 0 0
3.69968696031719 1 0 0 0
3.59925191150978 1 0 0 0
2.78633821289986 1 0 0 0
2.53255025018007 1 0 0 0
1.94304619799368 1 0 0 0
2.32087081531063 1 0 0 0
2.67735999659635 1 0 0 0
2.68012464221101 1 0 0 0
3.0500638531521 1 0 0 0
3.68934666039422 1 0 0 0
4.75188723066822 1 0 0 0
6.48406142136082 1 0 0 0
5.70760364644229 1 0 0 0
5.13405224774033 1 0 0 0
4.05370816588402 1 0 0 0
3.88774456223473 1 0 0 0
2.79495291761123 1 0 0 0
2.56117325625382 1 0 0 0
1.99003118905239 1 0 0 0
1.65371397451963 1 0 0 0
1.34528081980534 1 0 0 0
1.4609754725825 1 0 0 0
1.12478576193098 1 0 0 0
1.15191956865601 1 0 0 0
1.19291846931446 1 0 0 0
1.30378232279327 1 0 0 0
1.55235306010582 1 0 0 0
2.18309772026259 1 0 0 0
2.10318082827143 1 0 0 0
2.97852299991064 1 0 0 0
3.38673184160143 1 0 0 0
3.75879279454239 1 0 0 0
3.91001065145247 1 0 0 0
4.05535835307091 1 0 0 0
3.28769022598863 1 0 0 0
2.69246954121627 1 0 0 0
2.7148999797646 1 0 0 0
2.35262900241651 1 0 0 0
1.51482498040423 1 0 0 0
1.43404754635412 1 0 0 0
1.0265521123074 1 0 0 0
1.12903129775077 1 0 0 0
1.30278784490656 1 0 0 0
1.46688149834517 1 0 0 0
1.80036635720171 1 0 0 0
2.0283525227569 1 0 0 0
2.28804847574793 1 0 0 0
2.34312482643872 1 0 0 0
2.59140582056716 1 0 0 0
2.9619260749314 1 0 0 0
3.8167328457348 1 0 0 0
4.30927472189069 1 0 0 0
4.8058990505524 1 0 0 0
6.62798539269716 1 0 0 0
7.38099421141669 1 0 0 0
8.99243343155831 1 0 0 0
8.61907529179007 1 0 0 0
9.77660052012652 1 0 0 0
9.06850339379162 1 0 0 0
10.0410798331723 1 0 0 0
9.07580612692982 1 0 0 0
9.14248800836504 0 1 0 0
8.7832270655781 0 0 0 0
9.38575505279005 0 0 0 0
9.99894947744906 0 0 0 0
10.4662608355284 0 0 0 0
11.829427909106 0 0 0 0
11.4468813408166 0 0 0 0
11.742148315534 0 0 0 0
11.3452618243173 0 0 1 0
11.9732941966504 0 0 1 0
10.6949798064306 0 0 1 0
10.1622497895733 0 0 0 0
8.81150166969746 0 0 0 0
7.57623603567481 0 0 0 0
6.7989369854331 0 0 0 0
6.5537968184799 0 0 0 0
6.51940295938402 0 0 0 0
6.5411587129347 0 0 0 0
6.98251277208328 0 0 0 0
7.14692287147045 0 0 0 0
8.64182983059436 0 0 0 0
10.7859044801444 0 0 0 0
11.7201469838619 0 0 0 0
11.9005455635488 0 0 0 0
12.8350839950144 0 0 0 0
13.6045701801777 0 0 0 0
12.9118948243558 0 0 0 0
13.9671203214675 0 0 0 0
15.0778375100344 0 0 0 0
16.0132499877363 0 0 0 0
16.7348966933787 0 0 0 0
17.2723866999149 0 0 0 0
17.4858076497912 0 0 0 0
16.9506305828691 0 0 0 0
17.2649151645601 0 0 0 0
16.7205913458019 0 0 0 0
15.8981613349169 0 0 0 0
14.6537404507399 0 0 0 0
12.5022470019758 0 0 0 0
11.3590797409415 0 0 0 0
10.1237128255889 0 0 0 0
9.11791634280235 0 0 0 1
9.06978501006961 0 0 0 1
9.36714117415249 0 0 0 1
9.81363386381418 0 0 0 1
10.3151681832969 0 0 0 1
11.5665949415416 0 0 0 1
11.5790490526706 0 0 0 1
12.3281183186918 0 0 0 1
12.5905524473637 0 0 0 1
11.9857704266906 0 0 0 1
10.6850990559906 0 0 0 1
9.88894293550402 0 0 0 1
8.84704513009638 0 0 0 1
8.57734819874167 0 0 0 1
7.26745871361345 0 0 0 1
6.81024207733572 0 0 0 1
6.46585237700492 0 0 0 1
6.21017825324088 0 0 0 1
6.60669710487127 0 0 0 1
6.98573177214712 0 0 0 1
7.71121447905898 0 0 0 1
8.79245565738529 0 0 0 1
9.70727729145437 0 0 0 1
10.0036861840636 0 0 0 1
9.43214830476791 0 0 0 1
7.72266811691225 0 0 0 1
6.44759053830057 0 0 0 1
5.57886547176167 0 0 0 1
4.85890300478786 0 0 0 1
4.33631445048377 0 0 0 1
4.00298699969426 0 0 0 1
3.54814931051806 0 0 0 1
0.929771325900219 1 0 0 0
0.702029778040014 1 0 0 0
0.632830400718376 1 0 0 0
0.603027488978114 1 0 0 0
0.447104830527678 1 0 0 0
0.482781844766578 1 0 0 0
0.340787792083574 1 0 0 0
0.379391887690872 1 0 0 0
0.325981163769029 1 0 0 0
0.40567908763478 1 0 0 0
0.171673109434778 1 0 0 0
0.255356069828849 1 0 0 0
0.170135636835766 1 0 0 0
0.227497701416723 1 0 0 0
0.273760218078678 1 0 0 0
0.346321010511019 1 0 0 0
0.40615825491841 1 0 0 0
0.442902230133768 1 0 0 0
0.478731004022848 1 0 0 0
0.403550911869388 1 0 0 0
0.345269222407296 1 0 0 0
0.166390183721887 1 0 0 0
0.128027850223589 1 0 0 0
0.254073787800735 1 0 0 0
0.0546167575521395 1 0 0 0
0.111601373646408 1 0 0 0
0.110908131318865 1 0 0 0
0.28286813176237 1 0 0 0
0.334177340846509 1 0 0 0
0.619532467680983 1 0 0 0
1.04400961572537 1 0 0 0
1.79171524359845 1 0 0 0
2.40790730458684 1 0 0 0
1.76103730336763 1 0 0 0
1.96221348596737 1 0 0 0
1.58384891983587 1 0 0 0
1.31617534498218 1 0 0 0
1.05572328902781 1 0 0 0
0.774424166593235 1 0 0 0
0.3848818505503 1 0 0 0
0.363023302270449 1 0 0 0
0.382527855890658 1 0 0 0
0.12651658107643 1 0 0 0
0.0645941536276951 1 0 0 0
0.0769607240727055 1 0 0 0
0.0663334911337188 1 0 0 0
0.0641827809886308 1 0 0 0
0.0989717955235392 1 0 0 0
0.114386151835788 1 0 0 0
0.144405753189858 1 0 0 0
0 1 0 0 0
0 1 0 0 0
0 1 0 0 0
0.749531678593485 1 0 0 0
2.13350655394606 1 0 0 0
4.17175481561571 1 0 0 0
3.9918388647493 1 0 0 0
3.44731006771326 1 0 0 0
2.50664935447276 1 0 0 0
1.90144054067787 1 0 0 0
1.61994370864704 1 0 0 0
1.42640314879827 1 0 0 0
1.16513867396861 1 0 0 0
0.712796769221313 1 0 0 0
0.529306103999261 1 0 0 0
0.419414187490474 1 0 0 0
0.258886725532648 1 0 0 0
0.159551763545096 1 0 0 0
0.0712636888238194 1 0 0 0
0 1 0 0 0
0 1 0 0 0
0 1 0 0 0
0 1 0 0 0
0 1 0 0 0
0 1 0 0 0
0 1 0 0 0
0 1 0 0 0
0 1 0 0 0
0 1 0 0 0
0 1 0 0 0
0 1 0 0 0
0 1 0 0 0
0 1 0 0 0
0 1 0 0 0
0 1 0 0 0
0 1 0 0 0
0 1 0 0 0
0 1 0 0 0
0 1 0 0 0
0 1 0 0 0
0 1 0 0 0
0 1 0 0 0
0 1 0 0 0
0 1 0 0 0
0 1 0 0 0
0 1 0 0 0
0 1 0 0 0
0 1 0 0 0
0 1 0 0 0
0 1 0 0 0
0 1 0 0 0
0 1 0 0 0
0 1 0 0 0
0 1 0 0 0
0 1 0 0 0
0 1 0 0 0
0 1 0 0 0
0 1 0 0 0
0.0287064322037622 1 0 0 0
0.0936558467401483 1 0 0 0
0.208111245598275 1 0 0 0
0.0817394347905065 1 0 0 0
0.134561625600327 1 0 0 0
0.243520786170848 1 0 0 0
0.265156662862864 1 0 0 0
0.287783194266922 1 0 0 0
0.0687661108713655 1 0 0 0
0.33162082763738 1 0 0 0
0.187816659035889 1 0 0 0
0.196561405402917 1 0 0 0
0.080578871347825 1 0 0 0
0.169094047350882 1 0 0 0
0.126450227980968 1 0 0 0
0.149210177823988 1 0 0 0
0.301345529805985 1 0 0 0
0.283507670246763 0 1 0 0
0.413337249256074 0 0 0 0
0.497211070978665 0 0 0 0
0.514251812546718 0 0 0 0
0.532318932528142 0 0 0 0
0.666309239022667 0 0 1 0
0.569728465052322 0 0 1 0
0.585056422266916 0 0 1 0
1.0564439198788 0 0 0 0
1.06694922214956 0 0 0 0
1.53400258568581 0 0 0 0
1.73702320898883 0 0 0 0
1.69960800849367 0 0 0 0
1.38398763374425 0 0 0 0
1.33741871104576 0 0 0 0
1.25709178973921 0 0 0 0
1.18936956278048 0 0 0 0
0.642516279185656 0 0 0 0
0.602799329499248 0 0 0 0
0.546860970644047 0 0 0 0
0.460014752775351 0 0 0 0
0.0984067592071369 0 0 0 0
0.0393667236266992 0 0 0 0
0.00695698190611438 0 0 0 0
0 0 0 0 0
0.0318463917210465 0 0 0 0
0.136344931888743 0 0 0 0
0.183931036531249 0 0 0 0
0.274210562565713 0 0 0 0
0.28586005919351 0 0 0 0
0.401186387534835 0 0 0 0
0.434202192991506 0 0 0 0
0.417852302689425 0 0 0 0
0.388779408240225 0 0 0 0
0.318665148370201 0 0 0 0
0.265499811575864 0 0 0 0
0.186012125141133 0 0 0 0
0.101003608506289 0 0 0 0
0.0597801965795952 0 0 0 1
0.0986462855507853 0 0 0 1
0 0 0 0 1
0 0 0 0 1
0 0 0 0 1
0 0 0 0 1
0 0 0 0 1
0 0 0 0 1
0 0 0 0 1
0.0196637483895756 0 0 0 1
0.53062652295921 0 0 0 1
0.558529140107566 0 0 0 1
0.608570862823399 0 0 0 1
0.724576035281643 0 0 0 1
0.579980915063061 0 0 0 1
0.50322018796578 0 0 0 1
0.352339573510108 0 0 0 1
0.580630510739866 0 0 0 1
0.379591021555825 0 0 0 1
0.0422841385443462 0 0 0 1
0.0936974774958799 0 0 0 1
0 0 0 0 1
0 0 0 0 1
0 0 0 0 1
0 0 0 0 1
0 0 0 0 1
0 0 0 0 1
0 0 0 0 1
0 0 0 0 1
0 0 0 0 1
0 0 0 0 1
0.0563946118745662 0 0 0 1
0.0530260134894434 1 0 0 0
0 1 0 0 0
0 1 0 0 0
0 1 0 0 0
0 1 0 0 0
0 1 0 0 0
0 1 0 0 0
0 1 0 0 0
0 1 0 0 0
0 1 0 0 0
0 1 0 0 0
0 1 0 0 0
0 1 0 0 0
0 1 0 0 0
0 1 0 0 0
0 1 0 0 0
0 1 0 0 0
0 1 0 0 0
0 1 0 0 0
0 1 0 0 0
0 1 0 0 0
0 1 0 0 0
0 1 0 0 0
0 1 0 0 0
0 1 0 0 0
0 1 0 0 0
0 1 0 0 0
0 1 0 0 0
0 1 0 0 0
0 1 0 0 0
0 1 0 0 0
0 1 0 0 0
0 1 0 0 0
0 1 0 0 0
0 1 0 0 0
0 1 0 0 0
0 1 0 0 0
0 1 0 0 0
0 1 0 0 0
0 1 0 0 0
0 1 0 0 0
0 1 0 0 0
0.207077086088248 1 0 0 0
0.172072794612177 1 0 0 0
0.485085418404196 1 0 0 0
0.580947340495186 1 0 0 0
1.48693619121332 1 0 0 0
2.3435493640136 1 0 0 0
2.6415833503961 1 0 0 0
2.28750957467128 1 0 0 0
2.00011837296188 1 0 0 0
2.44762795045972 1 0 0 0
2.10317842720542 1 0 0 0
1.69216826907359 1 0 0 0
1.28475393285044 1 0 0 0
1.3052297726972 1 0 0 0
0.963787537330063 1 0 0 0
0.795958796516061 1 0 0 0
0.815905777926673 1 0 0 0
0.784117291914299 1 0 0 0
1.04298911173828 1 0 0 0
0.716876456863247 1 0 0 0
0.734420924345613 1 0 0 0
0.55122293997556 1 0 0 0
0.461703166365623 1 0 0 0
0.269585005298723 1 0 0 0
0.415345879446249 1 0 0 0
0.397471667383797 1 0 0 0
0.00490415641252184 1 0 0 0
0 1 0 0 0
0 1 0 0 0
0 1 0 0 0
0 1 0 0 0
0 1 0 0 0
0 1 0 0 0
0 1 0 0 0
0 1 0 0 0
0 1 0 0 0
0 1 0 0 0
0 1 0 0 0
0 1 0 0 0
0 1 0 0 0
0 1 0 0 0
0 1 0 0 0
0 1 0 0 0
0 1 0 0 0
0 1 0 0 0
0.173424021340907 1 0 0 0
0.198504392756149 1 0 0 0
0.534077247721143 1 0 0 0
0.876728285220452 1 0 0 0
0.216798252949957 1 0 0 0
0.0446182730229339 1 0 0 0
0 1 0 0 0
0 1 0 0 0
0 1 0 0 0
0 1 0 0 0
0 1 0 0 0
0 1 0 0 0
0 1 0 0 0
0 1 0 0 0
0 1 0 0 0
0 1 0 0 0
0 1 0 0 0
0 1 0 0 0
0 1 0 0 0
0 1 0 0 0
0 1 0 0 0
0 1 0 0 0
0 1 0 0 0
0 1 0 0 0
0 1 0 0 0
0 1 0 0 0
0 1 0 0 0
0 1 0 0 0
0 1 0 0 0
0 1 0 0 0
0 1 0 0 0
0 1 0 0 0
0 1 0 0 0
0 1 0 0 0
0.00503129012940917 1 0 0 0
0.223481702050776 1 0 0 0
0 1 0 0 0
0.301696694805287 1 0 0 0
0 0 1 0 0
0.19820799207082 0 0 0 0
0 0 0 0 0
0.235589537624037 0 0 0 0
0 0 0 0 0
0.421697724959813 0 0 0 0
0.455076944490429 0 0 1 0
0.33561687450856 0 0 1 0
0.461901232483797 0 0 1 0
0.339455509674735 0 0 0 0
0.531890902493615 0 0 0 0
0.3477458449197 0 0 0 0
0.463249205495231 0 0 0 0
0.306319310766412 0 0 0 0
0.306242935039336 0 0 0 0
0 0 0 0 0
0 0 0 0 0
0 0 0 0 0
0 0 0 0 0
0 0 0 0 0
0 0 0 0 0
0 0 0 0 0
0.0225889489229303 0 0 0 0
0.0991736517335084 0 0 0 0
0.110356224467978 0 0 0 0
0.101632295809395 0 0 0 0
0.0498779116213655 0 0 0 0
0.0571416694583604 0 0 0 0
0.130209513372392 0 0 0 0
0.0960687166298158 0 0 0 0
0.0852543403198069 0 0 0 0
0.279715559372562 0 0 0 0
0.311828968733607 0 0 0 0
0.37844125608899 0 0 0 0
0.260706289736845 0 0 0 0
0.577315919144894 0 0 0 0
0.571293385291938 0 0 0 0
0.830509437946603 0 0 0 0
0.43343311699573 0 0 0 0
1.18279585149139 0 0 0 1
1.93275976926088 0 0 0 1
3.23030825529713 0 0 0 1
4.8470324545633 0 0 0 1
4.32367553003132 0 0 0 1
4.62171534309164 0 0 0 1
3.73955324175768 0 0 0 1
3.50880326004699 0 0 0 1
2.9193849186413 0 0 0 1
3.26242065057158 0 0 0 1
2.82111088745296 0 0 0 1
2.77427537366748 0 0 0 1
2.6137862005271 0 0 0 1
2.50399054493755 0 0 0 1
2.00863208738156 0 0 0 1
1.41702069959138 0 0 0 1
1.43269886029884 0 0 0 1
1.18479952652706 0 0 0 1
1.10225916432682 0 0 0 1
0.930841677472927 0 0 0 1
0.874617951922119 0 0 0 1
1.02084382524481 0 0 0 1
1.59898011770565 0 0 0 1
1.47335148358252 0 0 0 1
2.22936520003714 0 0 0 1
2.72576109273359 0 0 0 1
3.50850514951162 0 0 0 1
4.09041857346892 0 0 0 1
3.81085011758842 0 0 0 1
2.84745055250823 0 0 0 1
2.78410789906047 0 0 0 1
1.94383048801683 0 0 0 1
5.56406611576676 1 0 0 0
7.56589777301997 1 0 0 0
8.25936906039715 1 0 0 0
8.21015250403434 1 0 0 0
5.1602681633085 1 0 0 0
4.11874719429761 1 0 0 0
3.43761261319742 1 0 0 0
3.05370232672431 1 0 0 0
2.24417475692462 1 0 0 0
1.66693138453411 1 0 0 0
1.44000873842742 1 0 0 0
1.06516385858413 1 0 0 0
1.0785878112074 1 0 0 0
0.734965646188357 1 0 0 0
0.634986859950004 1 0 0 0
0.611669267527759 1 0 0 0
0.571763754123822 1 0 0 0
0.220175686990842 1 0 0 0
0.24206782291003 1 0 0 0
0.0779217566559964 1 0 0 0
0.00703926434653113 1 0 0 0
0 1 0 0 0
0.0505488787894137 1 0 0 0
0 1 0 0 0
0 1 0 0 0
0 1 0 0 0
0 1 0 0 0
0 1 0 0 0
0 1 0 0 0
0 1 0 0 0
0 1 0 0 0
0 1 0 0 0
0 1 0 0 0
0 1 0 0 0
0 1 0 0 0
0 1 0 0 0
0 1 0 0 0
0 1 0 0 0
0 1 0 0 0
0 1 0 0 0
0 1 0 0 0
0 1 0 0 0
0 1 0 0 0
0 1 0 0 0
0 1 0 0 0
0 1 0 0 0
0 1 0 0 0
0 1 0 0 0
0 1 0 0 0
0 1 0 0 0
0 1 0 0 0
0 1 0 0 0
0 1 0 0 0
0 1 0 0 0
0 1 0 0 0
0 1 0 0 0
0 1 0 0 0
0 1 0 0 0
0 1 0 0 0
0.0575432068217197 1 0 0 0
0.0734475902390841 1 0 0 0
0.0865855239595703 1 0 0 0
0.10785828499138 1 0 0 0
0.0395253782699001 1 0 0 0
0.0893249180080602 1 0 0 0
0.0522626542078797 1 0 0 0
0.0374845703845494 1 0 0 0
0.00992934383248212 1 0 0 0
0.0353137982074259 1 0 0 0
0.0132029877022433 1 0 0 0
0.0243109661823837 1 0 0 0
0.0131641500047408 1 0 0 0
0.056513587878726 1 0 0 0
0.0392706606362481 1 0 0 0
0.17996817086896 1 0 0 0
0.0386293045266939 1 0 0 0
0.103536155847905 1 0 0 0
0.0804376832093112 1 0 0 0
0.307135470222875 1 0 0 0
0.390309091017116 1 0 0 0
0.475526482432542 1 0 0 0
0.547887291759253 1 0 0 0
0.824487528007012 1 0 0 0
0.748823069443461 1 0 0 0
0.975808550720103 1 0 0 0
1.15096668014303 1 0 0 0
0.636624361504801 1 0 0 0
0.730849049432436 1 0 0 0
0.552769528439967 1 0 0 0
0.791683094576001 1 0 0 0
0.236880183365429 1 0 0 0
0.471077219117433 1 0 0 0
0.282499706372619 1 0 0 0
0.298954121717543 1 0 0 0
0.065034959334298 1 0 0 0
0.0451412029178755 1 0 0 0
0.100536597869905 1 0 0 0
0.0590856234339299 1 0 0 0
0 1 0 0 0
0.059728274209192 1 0 0 0
0.00130036096379627 1 0 0 0
0 1 0 0 0
0 1 0 0 0
0 1 0 0 0
0 1 0 0 0
0 1 0 0 0
0 1 0 0 0
0 1 0 0 0
0 1 0 0 0
0 1 0 0 0
0 1 0 0 0
0 1 0 0 0
0 1 0 0 0
0 1 0 0 0
0 1 0 0 0
0 1 0 0 0
0 1 0 0 0
0 1 0 0 0
0 1 0 0 0
0 1 0 0 0
0 1 0 0 0
0 1 0 0 0
0 1 0 0 0
0 1 0 0 0
0 1 0 0 0
0 0 1 0 0
0 0 0 0 0
0 0 0 0 0
0 0 0 0 0
0 0 0 0 0
0 0 0 0 0
0 0 0 0 0
0 0 0 0 0
0 0 0 1 0
0 0 0 1 0
0 0 0 1 0
0 0 0 1 0
0 0 0 1 0
0 0 0 1 0
0 0 0 0 0
0 0 0 0 0
0 0 0 0 0
0 0 0 0 0
0 0 0 0 0
0 0 0 0 0
0 0 0 0 0
0 0 0 0 0
0 0 0 0 0
0 0 0 0 0
0 0 0 0 0
0 0 0 0 0
0 0 0 0 0
0 0 0 0 0
0 0 0 0 0
0 0 0 0 0
0 0 0 0 0
0 0 0 0 0
0 0 0 0 0
0 0 0 0 0
0 0 0 0 0
0 0 0 0 0
0 0 0 0 0
0 0 0 0 0
0 0 0 0 0
0 0 0 0 0
0 0 0 0 0
0 0 0 0 0
0 0 0 0 0
0 0 0 0 0
0 0 0 0 1
0 0 0 0 1
0 0 0 0 1
0 0 0 0 1
0 0 0 0 1
0 0 0 0 1
0 0 0 0 1
0.0669056989863748 0 0 0 1
0.163454002176877 0 0 0 1
0.154207831656095 0 0 0 1
0.425627973527298 0 0 0 1
0.186690866030403 0 0 0 1
0.412755121033115 0 0 0 1
0.504239453221089 0 0 0 1
0.825406939839013 0 0 0 1
0.344201835105196 0 0 0 1
0.82229121585442 0 0 0 1
1.06613500247477 0 0 0 1
1.53785935981432 0 0 0 1
2.51658476190642 0 0 0 1
3.78462573280558 0 0 0 1
4.68933634692803 0 0 0 1
4.42198081873357 0 0 0 1
4.49601461878046 0 0 0 1
4.6283551491797 0 0 0 1
3.83881502784789 0 0 0 1
3.04562505334616 0 0 0 1
2.20671235001646 0 0 0 1
1.90333723730873 0 0 0 1
1.27116580188158 0 0 0 1
1.22715829638764 0 0 0 1
0.995673940451525 0 0 0 1
0 1 0 0 0
0 1 0 0 0
0 1 0 0 0
0 1 0 0 0
0 1 0 0 0
0 1 0 0 0
0 1 0 0 0
0 1 0 0 0
0 1 0 0 0
0 1 0 0 0
0 1 0 0 0
0 1 0 0 0
0 1 0 0 0
0.0385308303521015 1 0 0 0
0.00241371526499279 1 0 0 0
0 1 0 0 0
0 1 0 0 0
0.162592439664877 1 0 0 0
0.0755497258069227 1 0 0 0
0.0234317949434626 1 0 0 0
0 1 0 0 0
0.0144670240160849 1 0 0 0
0 1 0 0 0
0 1 0 0 0
0 1 0 0 0
0 1 0 0 0
0 1 0 0 0
0 1 0 0 0
0 1 0 0 0
0 1 0 0 0
0 1 0 0 0
0 1 0 0 0
0 1 0 0 0
0 1 0 0 0
0 1 0 0 0
0.106483091485643 1 0 0 0
0.167585583426444 1 0 0 0
0.152615786646493 1 0 0 0
0.222508656406717 1 0 0 0
0.15984684250725 1 0 0 0
0.225858437261195 1 0 0 0
0.258509540799423 1 0 0 0
0.264994986991951 1 0 0 0
0.326097575452877 1 0 0 0
0.258532309999282 1 0 0 0
0.387633777791052 1 0 0 0
0.416381803006516 1 0 0 0
0.390573876757117 1 0 0 0
0.370916633983143 1 0 0 0
0.354787611286156 1 0 0 0
0.426127531682141 1 0 0 0
0.256908776464115 1 0 0 0
0.324801025271881 1 0 0 0
0.240104131080443 1 0 0 0
0.258575655607274 1 0 0 0
0.0725823938410031 1 0 0 0
0.0818025318949367 1 0 0 0
0.0625249937229455 1 0 0 0
0.121625231258804 1 0 0 0
0.0164930211212777 1 0 0 0
0.114185548227397 1 0 0 0
0.0212619988815277 1 0 0 0
0.064552806179563 1 0 0 0
0.0941575526667293 1 0 0 0
0.221214168789174 1 0 0 0
0.206014614377636 1 0 0 0
0.272233879513806 1 0 0 0
0.167067535585375 1 0 0 0
0.0210763864743058 1 0 0 0
0 1 0 0 0
0 1 0 0 0
0 1 0 0 0
0 1 0 0 0
0 1 0 0 0
0 1 0 0 0
0 1 0 0 0
0 1 0 0 0
0 1 0 0 0
0 1 0 0 0
0 1 0 0 0
0 1 0 0 0
0 1 0 0 0
0 1 0 0 0
0 1 0 0 0
0 1 0 0 0
0 1 0 0 0
0 1 0 0 0
0 1 0 0 0
0 1 0 0 0
0 1 0 0 0
0 1 0 0 0
0 1 0 0 0
0 1 0 0 0
0 1 0 0 0
0 1 0 0 0
0 1 0 0 0
0.15975684618752 1 0 0 0
0.0576644706598017 1 0 0 0
0.215544319871697 1 0 0 0
0.274169354270271 1 0 0 0
0.392815051782236 1 0 0 0
0.228832337597851 1 0 0 0
0.393198570236564 1 0 0 0
0.487905741465511 1 0 0 0
0.340909230999387 1 0 0 0
0.128605874806453 1 0 0 0
0.0917956676858012 1 0 0 0
0.0661810854580835 1 0 0 0
0 1 0 0 0
0 1 0 0 0
0 1 0 0 0
0 1 0 0 0
0 1 0 0 0
0 1 0 0 0
0 1 0 0 0
0 1 0 0 0
0 1 0 0 0
0 1 0 0 0
0 1 0 0 0
0 1 0 0 0
0 1 0 0 0
0 1 0 0 0
0 1 0 0 0
0 1 0 0 0
0 1 0 0 0
0.0922818235267187 0 1 0 0
0.0421429504058324 0 0 0 0
0.127686559835638 0 0 0 0
0 0 0 0 0
0.0990128137345891 0 0 0 0
0.0655242270113376 0 0 1 0
0 0 0 1 0
0.0111531917355023 0 0 1 0
0 0 0 0 0
0 0 0 0 0
0.163858940140926 0 0 0 0
0.1683036778104 0 0 0 0
0.177974901816924 0 0 0 0
0.36633670606534 0 0 0 0
0.393107712625351 0 0 0 0
0.513585706357844 0 0 0 0
0.605104338319506 0 0 0 0
0.702399709552992 0 0 0 0
0.942766288062558 0 0 0 0
1.16072135278955 0 0 0 0
1.87009082583245 0 0 0 0
2.47095167287625 0 0 0 0
2.78832108597271 0 0 0 0
3.28133985749446 0 0 0 0
3.31355619709939 0 0 0 0
3.75123624689877 0 0 0 0
3.33727133693174 0 0 0 0
3.05319050676189 0 0 0 0
2.69545562332496 0 0 0 0
2.37007054965943 0 0 0 0
2.10249715019017 0 0 0 0
1.62046434707008 0 0 0 0
1.91555531637277 0 0 0 0
1.71775832131971 0 0 0 0
2.20853871724103 0 0 0 0
1.86479146941565 0 0 0 0
1.98706384981051 0 0 0 0
2.18574737664312 0 0 0 0
2.57911457447335 0 0 0 1
2.63501479639672 0 0 0 1
2.41235486464575 0 0 0 1
2.41849434678443 0 0 0 1
2.85716424696147 0 0 0 1
3.6805480485782 0 0 0 1
6.04301353450865 0 0 0 1
7.02342623844743 0 0 0 1
9.91510460153222 0 0 0 1
13.2482990156859 0 0 0 1
20.8954813424498 0 0 0 1
24.3439180776477 0 0 0 1
22.5726179778576 0 0 0 1
20.7418587524444 0 0 0 1
16.4047162979841 0 0 0 1
11.7407692596316 0 0 0 1
8.12459085136652 0 0 0 1
6.22401724103838 0 0 0 1
4.6314190258272 0 0 0 1
3.20230663055554 0 0 0 1
2.21884026541375 0 0 0 1
2.15976694016717 0 0 0 1
1.90361405839212 0 0 0 1
2.00859899632633 0 0 0 1
2.65986332669854 0 0 0 1
3.33936640527099 0 0 0 1
3.80867870990187 0 0 0 1
3.70712584117427 0 0 0 1
3.67684493539855 0 0 0 1
3.27819597441703 0 0 0 1
3.007494029589 0 0 0 1
2.32837852672674 0 0 0 1
0 1 0 0 0
0 1 0 0 0
0 1 0 0 0
0 1 0 0 0
0 1 0 0 0
0 1 0 0 0
0 1 0 0 0
0 1 0 0 0
0 1 0 0 0
0 1 0 0 0
0 1 0 0 0
0 1 0 0 0
0 1 0 0 0
0 1 0 0 0
0 1 0 0 0
0 1 0 0 0
0 1 0 0 0
0 1 0 0 0
0 1 0 0 0
0 1 0 0 0
0 1 0 0 0
0 1 0 0 0
0 1 0 0 0
0 1 0 0 0
0 1 0 0 0
0 1 0 0 0
0 1 0 0 0
0 1 0 0 0
0 1 0 0 0
0 1 0 0 0
0 1 0 0 0
0 1 0 0 0
0 1 0 0 0
0 1 0 0 0
0 1 0 0 0
0 1 0 0 0
0 1 0 0 0
0 1 0 0 0
0 1 0 0 0
0 1 0 0 0
0 1 0 0 0
0.00291755350190215 1 0 0 0
0.0447188040197943 1 0 0 0
0.259201415246935 1 0 0 0
0.253558164786227 1 0 0 0
0.342388080753153 1 0 0 0
0.159728155267658 1 0 0 0
0.388279415346915 1 0 0 0
0.227624128456227 1 0 0 0
0.729395283997292 1 0 0 0
0.714085203071591 1 0 0 0
0.757353664084803 1 0 0 0
1.03046531148721 1 0 0 0
0.969080261711497 1 0 0 0
1.43023835698841 1 0 0 0
1.13651806896087 1 0 0 0
1.23304599401308 1 0 0 0
0.616592860751553 1 0 0 0
1.05669468757696 1 0 0 0
0.819649628738262 1 0 0 0
1.34962964511942 1 0 0 0
1.033268214087 1 0 0 0
2.19777338497806 1 0 0 0
1.56520417658612 1 0 0 0
0.803393864771351 1 0 0 0
0.604088843829231 1 0 0 0
0.732828986656386 1 0 0 0
0.312565539388743 1 0 0 0
0.305684374779958 1 0 0 0
0.0673967398938657 1 0 0 0
0.111565416773374 1 0 0 0
0.10920800104941 1 0 0 0
0 1 0 0 0
0 1 0 0 0
0.0441527954535559 1 0 0 0
0.0112578309199307 1 0 0 0
0 1 0 0 0
0.151362783981313 1 0 0 0
0.0148565522977151 1 0 0 0
0.0914185739020468 1 0 0 0
0.0795243322500028 1 0 0 0
0.130713451653719 1 0 0 0
0.106979725387646 1 0 0 0
0.0880517518453416 1 0 0 0
0 1 0 0 0
0.0141153568620211 1 0 0 0
0 1 0 0 0
0 1 0 0 0
0 1 0 0 0
0 1 0 0 0
0 1 0 0 0
0 1 0 0 0
0 1 0 0 0
0 1 0 0 0
0.0269833508355077 1 0 0 0
0.153386266902089 1 0 0 0
0.205012829610496 1 0 0 0
0.246929554123199 1 0 0 0
0.00652745802653953 1 0 0 0
0.241914159460066 1 0 0 0
0.0897780982995755 1 0 0 0
0 1 0 0 0
0 1 0 0 0
0.044247652112972 1 0 0 0
0.0607470792601816 1 0 0 0
0 1 0 0 0
0 1 0 0 0
0 1 0 0 0
0 1 0 0 0
0 1 0 0 0
0 1 0 0 0
0 1 0 0 0
0 1 0 0 0
0 1 0 0 0
0 1 0 0 0
0 1 0 0 0
0 1 0 0 0
0 1 0 0 0
0 1 0 0 0
0 1 0 0 0
0 1 0 0 0
0 1 0 0 0
0 1 0 0 0
0 1 0 0 0
0 1 0 0 0
0 0 1 0 0
0 0 0 0 0
0 0 0 0 0
0 0 0 0 0
0 0 0 0 0
0 0 0 1 0
0 0 0 1 0
0 0 0 1 0
0.115976110464544 0 0 0 0
0.0923816060094396 0 0 0 0
0.187010127774556 0 0 0 0
0.136764258741096 0 0 0 0
0.115562743303599 0 0 0 0
0.0161454572662478 0 0 0 0
0.129021285829367 0 0 0 0
0.28578480851138 0 0 0 0
0.136543876578799 0 0 0 0
0.22483232896775 0 0 0 0
0.687420677422779 0 0 0 0
0.667971275106538 0 0 0 0
1.10897183913039 0 0 0 0
1.6560120129725 0 0 0 0
1.22923687740695 0 0 0 0
1.02802422770765 0 0 0 0
0.607653772021877 0 0 0 0
0.578341227083001 0 0 0 0
0.460016450233525 0 0 0 0
0.535948633114458 0 0 0 0
0.593934648350114 0 0 0 0
0.454218883533031 0 0 0 0
0.699524469382595 0 0 0 0
0.525378804013599 0 0 0 0
0.584945919399615 0 0 0 0
0.631845185125712 0 0 0 0
0.553394544112962 0 0 0 0
0.451190822786884 0 0 0 0
0.229429320825147 0 0 0 0
0.338044530508341 0 0 0 0
0.122339743029443 0 0 0 1
0.0975324301180081 0 0 0 1
0.101840822026134 0 0 0 1
0.00821822277430329 0 0 0 1
0.0780731479608221 0 0 0 1
0 0 0 0 1
0 0 0 0 1
0 0 0 0 1
0 0 0 0 1
0 0 0 0 1
0 0 0 0 1
0 0 0 0 1
0 0 0 0 1
0 0 0 0 1
0 0 0 0 1
0 0 0 0 1
0 0 0 0 1
0 0 0 0 1
0 0 0 0 1
0 0 0 0 1
0 0 0 0 1
0 0 0 0 1
0 0 0 0 1
0 0 0 0 1
0 0 0 0 1
0 0 0 0 1
0 0 0 0 1
0 0 0 0 1
0 0 0 0 1
0 0 0 0 1
0 0 0 0 1
0 0 0 0 1
0 1 0 0 0
0 1 0 0 0
0 1 0 0 0
0 1 0 0 0
0 1 0 0 0
0 1 0 0 0
0 1 0 0 0
0 1 0 0 0
0 1 0 0 0
0 1 0 0 0
0 1 0 0 0
0 1 0 0 0
0 1 0 0 0
0 1 0 0 0
0 1 0 0 0
0 1 0 0 0
0 1 0 0 0
0 1 0 0 0
0 1 0 0 0
0 1 0 0 0
0 1 0 0 0
0 1 0 0 0
0 1 0 0 0
0 1 0 0 0
0 1 0 0 0
0 1 0 0 0
0 1 0 0 0
0 1 0 0 0
0 1 0 0 0
0 1 0 0 0
0 1 0 0 0
0 1 0 0 0
0 1 0 0 0
0 1 0 0 0
0 1 0 0 0
0 1 0 0 0
0 1 0 0 0
0 1 0 0 0
0 1 0 0 0
0 1 0 0 0
0 1 0 0 0
0 1 0 0 0
0 1 0 0 0
0 1 0 0 0
0 1 0 0 0
0 1 0 0 0
0 1 0 0 0
0 1 0 0 0
0 1 0 0 0
0 1 0 0 0
0 1 0 0 0
0 1 0 0 0
0 1 0 0 0
0 1 0 0 0
0 1 0 0 0
0 1 0 0 0
0 1 0 0 0
0 1 0 0 0
0 1 0 0 0
0 1 0 0 0
0 1 0 0 0
0 1 0 0 0
0 1 0 0 0
0 1 0 0 0
0 1 0 0 0
0 1 0 0 0
0 1 0 0 0
0 1 0 0 0
0.00303471097140573 1 0 0 0
0.128224585751013 1 0 0 0
0.0696629281264904 1 0 0 0
0.119320070552931 1 0 0 0
0.172700175426144 1 0 0 0
0.269466356257908 1 0 0 0
0.157899550686125 1 0 0 0
0.29522092154366 1 0 0 0
0.144973584610852 1 0 0 0
0.181212744791992 1 0 0 0
0.128912553009286 1 0 0 0
0.216164160519838 1 0 0 0
0.249129901931155 1 0 0 0
0.312328149448149 1 0 0 0
0.425026286393404 1 0 0 0
0.43742592970375 1 0 0 0
0.384970746381441 1 0 0 0
0.459362546280317 1 0 0 0
0.547517607628834 1 0 0 0
0.539262538950425 1 0 0 0
0.43568322325882 1 0 0 0
0.35825930081046 1 0 0 0
0.393803278711857 1 0 0 0
0.305266581563046 1 0 0 0
0.357219996658387 1 0 0 0
0.336897092893196 1 0 0 0
0.155909036948287 1 0 0 0
0.0475369874948228 1 0 0 0
0.102225316823024 1 0 0 0
0 1 0 0 0
0 1 0 0 0
0 1 0 0 0
0 1 0 0 0
0 1 0 0 0
0 1 0 0 0
0 1 0 0 0
0 1 0 0 0
0 1 0 0 0
0 1 0 0 0
0 1 0 0 0
0 1 0 0 0
0 1 0 0 0
0 1 0 0 0
0.0260509505096707 1 0 0 0
0 1 0 0 0
0.00485577731978992 1 0 0 0
0.0965270205597335 1 0 0 0
0.194333680610725 1 0 0 0
0.187634770554723 1 0 0 0
0.218902529013576 1 0 0 0
0.211795884752064 1 0 0 0
0.181239101948449 1 0 0 0
0.18700328473642 1 0 0 0
0.228239034186117 1 0 0 0
0.209665337024489 1 0 0 0
0.362121780199232 1 0 0 0
0.346283637554734 1 0 0 0
0.43027670471929 0 1 0 0
0.294106077490142 0 0 0 0
0.689616015733918 0 0 0 0
0.892634288902627 0 0 0 0
1.21327463966736 0 0 0 0
1.11607956932858 0 0 0 0
2.17774050543085 0 0 0 0
4.83645446365699 0 0 1 0
8.54998279828578 0 0 1 0
10.7916477136314 0 0 1 0
13.7103195302188 0 0 1 0
12.3475634027272 0 0 1 0
11.2338436301798 0 0 1 0
9.43451293278486 0 0 1 0
8.26059118844569 0 0 1 0
7.5412830337882 0 0 0 0
6.85519294347614 0 0 0 0
6.07233092887327 0 0 0 0
4.61147807072848 0 0 0 0
4.29518771125004 0 0 0 0
3.88448144076392 0 0 0 0
3.36357313790359 0 0 0 0
3.33768507698551 0 0 0 0
3.34952934645116 0 0 0 0
3.68150149006397 0 0 0 0
3.84872360154986 0 0 0 0
4.13018348626792 0 0 0 0
4.32327965972945 0 0 0 0
4.10180282779038 0 0 0 0
4.66513179708272 0 0 0 0
4.19437704840675 0 0 0 0
4.08086372772232 0 0 0 0
3.52736300555989 0 0 0 0
3.62327037146315 0 0 0 0
3.14628885826096 0 0 0 0
2.98242512508295 0 0 0 0
2.88304689456709 0 0 0 0
3.10796449775808 0 0 0 0
3.53558507049456 0 0 0 0
3.90280556166545 0 0 0 0
4.20636177295819 0 0 0 0
4.86459798412398 0 0 0 0
5.92748780036345 0 0 0 0
6.5621166722849 0 0 0 0
6.69916963670403 0 0 0 0
6.36935990769416 0 0 0 1
6.03677704930305 0 0 0 1
6.08635856769979 0 0 0 1
5.7584474561736 0 0 0 1
5.17112371744588 0 0 0 1
5.24624926038086 0 0 0 1
4.92604414466769 0 0 0 1
4.68768109567463 0 0 0 1
4.42148337606341 0 0 0 1
3.65565216634423 0 0 0 1
3.17064140108414 0 0 0 1
2.86330451490358 0 0 0 1
2.59817444020882 0 0 0 1
1.85768087976612 0 0 0 1
1.13994818821084 0 0 0 1
1.66246642038459 0 0 0 1
3.39260732289404 0 0 0 1
8.72719986364245 0 0 0 1
14.0249880496413 0 0 0 1
19.4568294100463 0 0 0 1
17.7940938156098 0 0 0 1
15.3098104055971 0 0 0 1
10.37689356599 0 0 0 1
9.24893782939762 0 0 0 1
7.24791258107871 0 0 0 1
5.40130323497579 0 0 0 1
3.58597608283162 0 0 0 1
2.71654920652509 0 0 0 1
2.36201877123676 0 0 0 1
1.70825587701984 0 0 0 1
1.51124426338356 0 0 0 1
1.1710731923813 0 0 0 1
0 1 0 0 0
0 1 0 0 0
0 1 0 0 0
0 1 0 0 0
0 1 0 0 0
0 1 0 0 0
0 1 0 0 0
0 1 0 0 0
0 1 0 0 0
0 1 0 0 0
0 1 0 0 0
0 1 0 0 0
0 1 0 0 0
0 1 0 0 0
0 1 0 0 0
0 1 0 0 0
0 1 0 0 0
0 1 0 0 0
0 1 0 0 0
0 1 0 0 0
0 1 0 0 0
0 1 0 0 0
0 1 0 0 0
0 1 0 0 0
0 1 0 0 0
0 1 0 0 0
0 1 0 0 0
0 1 0 0 0
0 1 0 0 0
0 1 0 0 0
0 1 0 0 0
0 1 0 0 0
0 1 0 0 0
0 1 0 0 0
0 1 0 0 0
0 1 0 0 0
0 1 0 0 0
0 1 0 0 0
0 1 0 0 0
0 1 0 0 0
0 1 0 0 0
0 1 0 0 0
0 1 0 0 0
0 1 0 0 0
0 1 0 0 0
0 1 0 0 0
0 1 0 0 0
0 1 0 0 0
0 1 0 0 0
0 1 0 0 0
0 1 0 0 0
0 1 0 0 0
0 1 0 0 0
0 1 0 0 0
0 1 0 0 0
0 1 0 0 0
0 1 0 0 0
0 1 0 0 0
0 1 0 0 0
0 1 0 0 0
0 1 0 0 0
0 1 0 0 0
0 1 0 0 0
0 1 0 0 0
0 1 0 0 0
0 1 0 0 0
0 1 0 0 0
0 1 0 0 0
0 1 0 0 0
0 1 0 0 0
0 1 0 0 0
0 1 0 0 0
0 1 0 0 0
0 1 0 0 0
0 1 0 0 0
0 1 0 0 0
0 1 0 0 0
0.0358085613925141 1 0 0 0
0.183306359758717 1 0 0 0
0.141217792588577 1 0 0 0
0.178956193849444 1 0 0 0
0.17412859142496 1 0 0 0
0.186000903340755 1 0 0 0
0.175765200083333 1 0 0 0
0.188383643035195 1 0 0 0
0.189075939488248 1 0 0 0
0.0412259196309606 1 0 0 0
0.193465260963421 1 0 0 0
0.139666535687866 1 0 0 0
0.231620479098638 1 0 0 0
0.18288824139745 1 0 0 0
0.165020440363151 1 0 0 0
0.0763043808547081 1 0 0 0
0.228995270617816 1 0 0 0
0.222953219235933 1 0 0 0
0.188351888027682 1 0 0 0
0.150976187796914 1 0 0 0
0.178248386873747 1 0 0 0
0.0804061987764726 1 0 0 0
0.0174781762325438 1 0 0 0
0 1 0 0 0
0 1 0 0 0
0 1 0 0 0
0 1 0 0 0
0.0512660035383306 1 0 0 0
0 1 0 0 0
0 1 0 0 0
0 1 0 0 0
0 1 0 0 0
0.00756686495151371 1 0 0 0
0 1 0 0 0
0 1 0 0 0
0.099436102573236 1 0 0 0
0.0262152411778516 1 0 0 0
0.0521831716469023 1 0 0 0
0.0777699533500709 1 0 0 0
0.291625744647916 1 0 0 0
0.294202804070665 1 0 0 0
0.598203901063243 1 0 0 0
0.457282396382652 1 0 0 0
0.396438201278215 1 0 0 0
0.879633720614947 1 0 0 0
1.22927853954025 1 0 0 0
2.36128465621732 1 0 0 0
3.53933888254687 1 0 0 0
2.85200233338401 0 1 0 0
1.86524784658104 0 0 0 0
1.31420367324608 0 0 0 0
1.42843325738795 0 0 0 0
0.588662485824898 0 0 0 0
0.581165578751097 0 0 0 0
0.289692115075013 0 0 0 0
0.446468919108156 0 0 0 0
0.177150881427224 0 0 0 0
0.0252470945270034 0 0 0 0
0.417998200646252 0 0 0 0
0.506343272718368 0 0 0 0
0.7508152950777 0 0 0 0
0.854124838951975 0 0 0 0
1.28486058383714 0 0 0 0
1.20146019617096 0 0 0 0
1.79387147363741 0 0 0 0
1.98657388682477 0 0 0 0
2.88413075031713 0 0 0 0
2.73422730970196 0 0 0 0
3.31603694939986 0 0 0 0
4.27147699519992 0 0 0 0
5.01979672117159 0 0 0 0
5.27386827161536 0 0 0 0
5.11914567323402 0 0 0 0
4.63075638981536 0 0 0 0
4.12875856272876 0 0 0 0
3.77516151638702 0 0 1 0
3.73735884204507 0 0 1 0
3.5514936898835 0 0 1 0
3.51444119587541 0 0 1 0
3.6963481688872 0 0 0 0
3.36130248615518 0 0 0 0
3.05237894644961 0 0 0 0
3.15384435816668 0 0 0 0
2.40875425515696 0 0 0 0
2.68717773724347 0 0 0 0
1.81864592741476 0 0 0 0
1.72089789703023 0 0 0 0
1.15139845729573 0 0 0 0
2.03359258011915 0 0 0 0
2.60985281784087 0 0 0 0
5.95086452085525 0 0 0 0
11.19940134231 0 0 0 0
17.4457430839539 0 0 0 0
21.17188135162 0 0 0 0
21.3842932134867 0 0 0 0
19.3545806687325 0 0 0 0
14.9067705497146 0 0 0 0
10.1907660719007 0 0 0 0
8.01850098650903 0 0 0 0
5.57426217710599 0 0 0 0
4.10890282364562 0 0 0 0
2.97714903717861 0 0 0 0
2.35597058781423 0 0 0 0
1.87916570575908 0 0 0 0
1.38574400625657 0 0 0 0
1.14476080489112 0 0 0 0
1.12920210813172 0 0 0 0
0.730344421754126 0 0 0 0
0.984399084700271 0 0 0 0
0.560616026632488 0 0 0 1
0.97809248836711 0 0 0 1
1.2565093086323 0 0 0 1
1.57870280963834 0 0 0 1
3.78868950065225 0 0 0 1
6.1548586236313 0 0 0 1
9.44749522022903 0 0 0 1
14.4135889131576 0 0 0 1
19.8246755171567 0 0 0 1
20.6659492105246 0 0 0 1
18.7093520071357 0 0 0 1
17.0382596552372 0 0 0 1
14.5683456212282 0 0 0 1
13.771164463833 0 0 0 1
12.385995592922 0 0 0 1
11.6700392682105 0 0 0 1
11.7935303132981 0 0 0 1
10.6891888426617 0 0 0 1
9.53756610397249 0 0 0 1
7.88433384150267 0 0 0 1
7.24726624321193 0 0 0 1
5.62229740899056 0 0 0 1
5.64747676253319 0 0 0 1
5.47749066026881 0 0 0 1
6.31552923005074 0 0 0 1
6.68905500788242 0 0 0 1
6.73837203066796 0 0 0 1
7.22156523261219 0 0 0 1
7.62799964286387 0 0 0 1
7.41952878888696 0 0 0 1
6.80637906771153 0 0 0 1
6.41013646963984 0 0 0 1
0 1 0 0 0
0.106934504628953 1 0 0 0
0.000321821062243544 1 0 0 0
0.0771374449186624 1 0 0 0
0.198891945956348 1 0 0 0
0.149825916196278 1 0 0 0
0.172698264577775 1 0 0 0
0.188497780982289 1 0 0 0
0.103814569683891 1 0 0 0
0.0817179197838414 1 0 0 0
0.182263835085905 1 0 0 0
0.0560133203180158 1 0 0 0
0.101216322946129 1 0 0 0
0.114545836368052 1 0 0 0
0.278496695955255 1 0 0 0
0.283684446003463 1 0 0 0
0.315976099955151 1 0 0 0
0.465849916508887 1 0 0 0
0.442564629338449 1 0 0 0
0.42639971798053 1 0 0 0
0.378631239982496 1 0 0 0
0.627891855401685 1 0 0 0
0.564190588193014 1 0 0 0
0.643792918708641 1 0 0 0
0.785312258813065 1 0 0 0
0.990267431916436 1 0 0 0
0.918821864615893 1 0 0 0
1.3443315110635 1 0 0 0
1.77861485281028 1 0 0 0
2.70407603238709 1 0 0 0
3.55930547812022 1 0 0 0
4.32785591692664 1 0 0 0
5.00532469595782 1 0 0 0
4.56478947307914 1 0 0 0
3.20760783506557 1 0 0 0
2.31154036009684 1 0 0 0
1.58729261602275 1 0 0 0
0.846674614876974 1 0 0 0
0.307479644106934 1 0 0 0
0 1 0 0 0
0 1 0 0 0
0 1 0 0 0
0 1 0 0 0
0 1 0 0 0
0 1 0 0 0
0 1 0 0 0
0 1 0 0 0
0 1 0 0 0
0 1 0 0 0
0 1 0 0 0
0 1 0 0 0
0 1 0 0 0
0 1 0 0 0
0 1 0 0 0
0 1 0 0 0
0 1 0 0 0
0 1 0 0 0
0 1 0 0 0
0 1 0 0 0
0 1 0 0 0
0 1 0 0 0
0 1 0 0 0
0 1 0 0 0
0 1 0 0 0
0 1 0 0 0
0 1 0 0 0
0 1 0 0 0
0 1 0 0 0
0 1 0 0 0
0 1 0 0 0
0 1 0 0 0
0 1 0 0 0
0 1 0 0 0
0 1 0 0 0
0 1 0 0 0
0 1 0 0 0
0 1 0 0 0
0 1 0 0 0
0 1 0 0 0
0 1 0 0 0
0 1 0 0 0
0 1 0 0 0
0 1 0 0 0
0 1 0 0 0
0 1 0 0 0
0 1 0 0 0
0 1 0 0 0
0 1 0 0 0
0 1 0 0 0
0 1 0 0 0
0.0181955720108817 1 0 0 0
0 1 0 0 0
0 1 0 0 0
0 1 0 0 0
0 1 0 0 0
0 1 0 0 0
0 1 0 0 0
0 1 0 0 0
0 1 0 0 0
0 1 0 0 0
0 1 0 0 0
0 1 0 0 0
0 1 0 0 0
0 1 0 0 0
0 1 0 0 0
0 1 0 0 0
0.0823024174678721 1 0 0 0
0.0797783527559659 1 0 0 0
0.165942126841401 1 0 0 0
0.199598495214559 1 0 0 0
0.103071797980192 1 0 0 0
0.129440565160621 1 0 0 0
0.212407487197197 1 0 0 0
0.116333460482565 1 0 0 0
0.114944339657086 1 0 0 0
0.0848956897243625 1 0 0 0
0.175376815604977 1 0 0 0
0 1 0 0 0
0.272450311513239 1 0 0 0
0 1 0 0 0
0.0968992230809818 1 0 0 0
0.0667059794068336 1 0 0 0
0.924983884033281 1 0 0 0
0.822264224552782 1 0 0 0
1.56564606004395 1 0 0 0
1.26522814389318 0 1 0 0
1.05003431963269 0 0 0 0
0.923770290683024 0 0 0 0
0.901706393051427 0 0 0 0
0.712628752808087 0 0 0 0
0.472608353447868 0 0 0 0
0.504579344124068 0 0 1 0
0.47714994798298 0 0 1 0
0.435735979408491 0 0 0 0
0.389708156944835 0 0 0 0
0.294934350677067 0 0 0 0
0.23174303714768 0 0 0 0
0.129941151044477 0 0 0 0
0.0459546681668144 0 0 0 0
0 0 0 0 0
0 0 0 0 0
0 0 0 0 0
0 0 0 0 0
0 0 0 0 0
0 0 0 0 0
0 0 0 0 0
0 0 0 0 0
0 0 0 0 0
0 0 0 0 0
0 0 0 0 0
0 0 0 0 0
0 0 0 0 0
0 0 0 0 0
0 0 0 0 0
0 0 0 0 0
0 0 0 0 0
0 0 0 0 0
0 0 0 0 0
0 0 0 0 0
0 0 0 0 0
0 0 0 0 0
0 0 0 0 0
0 0 0 0 0
0 0 0 0 1
0 0 0 0 1
0 0 0 0 1
0 0 0 0 1
0 0 0 0 1
0 0 0 0 1
0 0 0 0 1
0 0 0 0 1
0 0 0 0 1
0 0 0 0 1
0 0 0 0 1
0 0 0 0 1
0 0 0 0 1
0 0 0 0 1
0 0 0 0 1
0 0 0 0 1
0 0 0 0 1
0 0 0 0 1
0 0 0 0 1
0 0 0 0 1
0 0 0 0 1
0.110716650169707 0 0 0 1
0.324344217006001 0 0 0 1
0.143646537253517 0 0 0 1
0.199862434214992 0 0 0 1
0 0 0 0 1
0 0 0 0 1
0 0 0 0 1
0 0 0 0 1
0 0 0 0 1
0 0 0 0 1
0 0 0 0 1
0 1 0 0 0
0 1 0 0 0
0 1 0 0 0
0 1 0 0 0
0.0562924892619776 1 0 0 0
0.0595632482145447 1 0 0 0
0.113654273718566 1 0 0 0
0.081478478932695 1 0 0 0
0.0372892693576432 1 0 0 0
0 1 0 0 0
0 1 0 0 0
0 1 0 0 0
0 1 0 0 0
0 1 0 0 0
0 1 0 0 0
0 1 0 0 0
0 1 0 0 0
0 1 0 0 0
0 1 0 0 0
0 1 0 0 0
0 1 0 0 0
0 1 0 0 0
0.061545799326268 1 0 0 0
0 1 0 0 0
0.0253088801400736 1 0 0 0
0 1 0 0 0
0.0484912625324796 1 0 0 0
0 1 0 0 0
0 1 0 0 0
0 1 0 0 0
0 1 0 0 0
0.0144221498885599 1 0 0 0
0.103827982457005 1 0 0 0
0.156008218709758 1 0 0 0
0.183091731742024 1 0 0 0
0.326681350998115 1 0 0 0
0.261938330368139 1 0 0 0
0.292630445983377 1 0 0 0
0.157902388309594 1 0 0 0
0.155055779032409 1 0 0 0
0.105349482510064 1 0 0 0
0.284058198303683 1 0 0 0
0 1 0 0 0
0 1 0 0 0
0 1 0 0 0
0 1 0 0 0
0 1 0 0 0
0 1 0 0 0
0 1 0 0 0
0 1 0 0 0
0 1 0 0 0
0 1 0 0 0
0 1 0 0 0
0 1 0 0 0
0 1 0 0 0
0 1 0 0 0
0 1 0 0 0
0 1 0 0 0
0 1 0 0 0
0 1 0 0 0
0 1 0 0 0
0 1 0 0 0
0 1 0 0 0
0 1 0 0 0
0 1 0 0 0
0 1 0 0 0
0 1 0 0 0
0 1 0 0 0
0 1 0 0 0
0 1 0 0 0
0 1 0 0 0
0 1 0 0 0
0 1 0 0 0
0 1 0 0 0
0 1 0 0 0
0 1 0 0 0
0 1 0 0 0
0 1 0 0 0
0 1 0 0 0
0 1 0 0 0
0 1 0 0 0
0 1 0 0 0
0 1 0 0 0
0 1 0 0 0
0 1 0 0 0
0 1 0 0 0
0 1 0 0 0
0 1 0 0 0
0 1 0 0 0
0 1 0 0 0
0 1 0 0 0
0 1 0 0 0
0 1 0 0 0
0 1 0 0 0
0 1 0 0 0
0 1 0 0 0
0 1 0 0 0
0 1 0 0 0
0 1 0 0 0
0 1 0 0 0
0 1 0 0 0
0 1 0 0 0
0 1 0 0 0
0 1 0 0 0
0 1 0 0 0
0 1 0 0 0
0 1 0 0 0
0 1 0 0 0
0 1 0 0 0
0 1 0 0 0
0 1 0 0 0
0 1 0 0 0
0 1 0 0 0
0 1 0 0 0
0 1 0 0 0
0 1 0 0 0
0 1 0 0 0
0 1 0 0 0
0 1 0 0 0
0 1 0 0 0
0.120337914268021 1 0 0 0
0 1 0 0 0
0 1 0 0 0
0 1 0 0 0
0.0310272871502093 1 0 0 0
0.0182501935341861 0 1 0 0
0.0352362640114734 0 0 0 0
0.0534165701537859 0 0 0 0
0.297496140774456 0 0 0 0
0.410200337682909 0 0 0 0
0.51155189430574 0 0 0 0
0.467948288132902 0 0 1 0
0.394666003558086 0 0 1 0
0.415701747897401 0 0 0 0
0.214283213608724 0 0 0 0
0.0302546677630744 0 0 0 0
0.113636201604095 0 0 0 0
0.0460374139947817 0 0 0 0
0.123508458727883 0 0 0 0
0.0465215680378606 0 0 0 0
0.12942361900059 0 0 0 0
0 0 0 0 0
0.0160309518832946 0 0 0 0
0 0 0 0 0
0 0 0 0 0
0.0186666366062127 0 0 0 0
0.101371341770573 0 0 0 0
0 0 0 0 0
0 0 0 0 0
0 0 0 0 0
0.121462711831555 0 0 0 0
0.181173626970121 0 0 0 0
0.254194606895908 0 0 0 0
0.296757138130488 0 0 0 0
0.129066963200586 0 0 0 0
0.227735938096885 0 0 0 0
0.145403851547599 0 0 0 0
0.148429258842953 0 0 0 0
0 0 0 0 0
0 0 0 0 0
0 0 0 0 0
0 0 0 0 0
0 0 0 0 0
0 0 0 0 1
0 0 0 0 1
0 0 0 0 1
0 0 0 0 1
0 0 0 0 1
0 0 0 0 1
0 0 0 0 1
0 0 0 0 1
0 0 0 0 1
0 0 0 0 1
0 0 0 0 1
0 0 0 0 1
0.19306828835397 0 0 0 1
0.293572738883086 0 0 0 1
0.153396642417647 0 0 0 1
0.0804055634944234 0 0 0 1
0.313036903435204 0 0 0 1
0.505405222796185 0 0 0 1
0.177802809048444 0 0 0 1
0.189060268894536 0 0 0 1
0.330833406223974 0 0 0 1
0.38001517077646 0 0 0 1
0.509007430764541 0 0 0 1
0.337239575856074 0 0 0 1
0.23740772076053 0 0 0 1
0.116284287656754 0 0 0 1
0 0 0 0 1
0.0203001291083638 0 0 0 1
0 0 0 0 1
0 0 0 0 1
0 0 0 0 1
0 0 0 0 1
0 1 0 0 0
0 1 0 0 0
0 1 0 0 0
0 1 0 0 0
0 1 0 0 0
0 1 0 0 0
0 1 0 0 0
0 1 0 0 0
0 1 0 0 0
0 1 0 0 0
0 1 0 0 0
0 1 0 0 0
0 1 0 0 0
0 1 0 0 0
0 1 0 0 0
0 1 0 0 0
0 1 0 0 0
0 1 0 0 0
0 1 0 0 0
0 1 0 0 0
0 1 0 0 0
0 1 0 0 0
0 1 0 0 0
0 1 0 0 0
0 1 0 0 0
0 1 0 0 0
0 1 0 0 0
0 1 0 0 0
0 1 0 0 0
0 1 0 0 0
0 1 0 0 0
0 1 0 0 0
0 1 0 0 0
0 1 0 0 0
0 1 0 0 0
0 1 0 0 0
0 1 0 0 0
0 1 0 0 0
0 1 0 0 0
0 1 0 0 0
0 1 0 0 0
0 1 0 0 0
0.151281939906767 1 0 0 0
0.330771970766364 1 0 0 0
1.05144550616387 1 0 0 0
1.46589645009954 1 0 0 0
1.48874747537775 1 0 0 0
0.340306185535155 1 0 0 0
0.0880165534908883 1 0 0 0
0 1 0 0 0
0 1 0 0 0
0 1 0 0 0
0 1 0 0 0
0.0818468215584289 1 0 0 0
0 1 0 0 0
0 1 0 0 0
0.0997989945972222 1 0 0 0
0 1 0 0 0
0.002343340383959 1 0 0 0
0 1 0 0 0
0 1 0 0 0
0 1 0 0 0
0 1 0 0 0
0 1 0 0 0
0 1 0 0 0
0 1 0 0 0
0 1 0 0 0
0 1 0 0 0
0 1 0 0 0
0 1 0 0 0
0 1 0 0 0
0 1 0 0 0
0 1 0 0 0
0 1 0 0 0
0 1 0 0 0
0 1 0 0 0
0 1 0 0 0
0.0279781170320348 1 0 0 0
0.110359025711659 1 0 0 0
0.332986119246925 1 0 0 0
0.185085094926762 1 0 0 0
0.466337238322012 1 0 0 0
0.415409565903246 1 0 0 0
0 1 0 0 0
0 1 0 0 0
0 1 0 0 0
0 1 0 0 0
0 1 0 0 0
0 1 0 0 0
0 1 0 0 0
0 1 0 0 0
0 1 0 0 0
0 1 0 0 0
0 1 0 0 0
0 1 0 0 0
0 1 0 0 0
0 1 0 0 0
0.0849063994792232 1 0 0 0
0.134859276386123 1 0 0 0
0.098290525329503 1 0 0 0
0 1 0 0 0
0 1 0 0 0
0 1 0 0 0
0 1 0 0 0
0 1 0 0 0
0 1 0 0 0
0 1 0 0 0
0 1 0 0 0
0.152012984472094 1 0 0 0
0.113701496957219 1 0 0 0
0.118800297968846 1 0 0 0
0.0297361984848976 1 0 0 0
0.0375986091967206 1 0 0 0
0.027669035262079 1 0 0 0
0.0628270681772847 1 0 0 0
0 1 0 0 0
0 1 0 0 0
0.0294379387923982 1 0 0 0
0 1 0 0 0
0 1 0 0 0
0 1 0 0 0
0.138768830765912 1 0 0 0
0.0521993752045091 1 0 0 0
0.0901411308404931 1 0 0 0
0.0374460623788764 1 0 0 0
0.120034585052053 0 1 0 0
0.134646241349401 0 0 0 0
0.2311209200343 0 0 0 0
0.150500190557068 0 0 0 0
0.300152415775301 0 0 0 0
0.253793082265474 0 0 0 0
0.355812026100466 0 0 1 0
0.404139935199055 0 0 1 0
0.47618994176446 0 0 1 0
0.836944323964417 0 0 0 0
1.01255577465054 0 0 0 0
1.3607084256364 0 0 0 0
1.66952583822422 0 0 0 0
1.99658100609668 0 0 0 0
3.25027265353128 0 0 0 0
2.96563119627535 0 0 0 0
4.31888835737482 0 0 0 0
3.70904104784131 0 0 0 0
4.82078763889149 0 0 0 0
3.56618862133473 0 0 0 0
2.90649966336787 0 0 0 0
1.89407955622301 0 0 0 0
1.66010476823431 0 0 0 0
1.3324678002391 0 0 0 0
1.23087328393012 0 0 0 0
0.875417943461798 0 0 0 0
0.843152374727651 0 0 0 0
0.645312895358074 0 0 0 0
0.566024005820509 0 0 0 0
0.451029271061998 0 0 0 0
0.560053653316572 0 0 0 0
0.441943069745321 0 0 0 0
0.542230955034029 0 0 0 0
0.296180178338545 0 0 0 0
0.41165388392983 0 0 0 0
0.555195358174387 0 0 0 0
0.714869551302399 0 0 0 0
0.733520224457607 0 0 0 0
0.965169085247908 0 0 0 0
0.853492703754455 0 0 0 1
0.764264288591221 0 0 0 1
0.666015250317287 0 0 0 1
0.581791664444609 0 0 0 1
0.440267074736767 0 0 0 1
0.257240515566082 0 0 0 1
0.0970777618931606 0 0 0 1
0.0193607538676588 0 0 0 1
0 0 0 0 1
0 0 0 0 1
0 0 0 0 1
0 0 0 0 1
0 0 0 0 1
0 0 0 0 1
0 0 0 0 1
0 0 0 0 1
0 0 0 0 1
0 0 0 0 1
0 0 0 0 1
0 0 0 0 1
0 0 0 0 1
0 0 0 0 1
0 0 0 0 1
0 0 0 0 1
0.154392741933407 0 0 0 1
0.175721703726595 0 0 0 1
0.375539066226338 0 0 0 1
0.476935827464331 0 0 0 1
0.532019394086092 0 0 0 1
0.496498483698815 0 0 0 1
0.470385788503336 0 0 0 1
0.546775387192611 0 0 0 1
